Setting up composers...
  Random seed: 42
  Target depth: 4
  Samples per composer: 30

Setting up empirical composer...
  Using program file: src/data/rule/functions.txt

======================================================================
Generating programs with empirical ordered by variability
======================================================================

Program 1 (original #5):
  Variability: 1.000 ████████████████████████████████████████
  Type checks: ✓ | Compiles: ✓ | Uses input: ✓ | Size: 8 nodes
  Program: (λ (x) (concat x (take 10 x)))
  Behavior (27 test cases):
    []                                       -> []
    [0]                                      -> [0, 0]
    [5]                                      -> [5, 5]
    [1, 2, 3]                                -> [1, 2, 3, 1, 2, 3]
    [10, 20, 30]                             -> [10, 20, 30, 10, 20, 30]
    [0, 0, 0]                                -> [0, 0, 0, 0, 0, 0]
    [99, 50, 1]                              -> [99, 50, 1, 99, 50, 1]
    [1, 2, 3, 4, 5]                          -> [1, 2, 3, 4, 5, 1, 2, 3, 4, 5]
    [5, 4, 3, 2, 1]                          -> [5, 4, 3, 2, 1, 5, 4, 3, 2, 1]
    [1, 1, 2, 2, 3, 3]                       -> [1, 1, 2, 2, 3, 3, 1, 1, 2, 2, 3, 3]
    [7, 7, 7]                                -> [7, 7, 7, 7, 7, 7]
    [70, 80, 90]                             -> [70, 80, 90, 70, 80, 90]
    [1, 2, 3, 4, 5, 6, 7, 8, 9, 10]          -> [1, 2, 3, 4, 5, 6, 7, 8, 9, 10, 1, 2, 3, 4, 5, 6, 7, 8, 9, 10]
    [10, 9, 8, 7, 6, 5, 4, 3, 2, 1]          -> [10, 9, 8, 7, 6, 5, 4, 3, 2, 1, 10, 9, 8, 7, 6, 5, 4, 3, 2, 1]
    [2, 4, 6, 8, 10]                         -> [2, 4, 6, 8, 10, 2, 4, 6, 8, 10]
    [1, 3, 5, 7, 9]                          -> [1, 3, 5, 7, 9, 1, 3, 5, 7, 9]
    [5, 1, 4, 2, 3]                          -> [5, 1, 4, 2, 3, 5, 1, 4, 2, 3]
    [3, 94, 35, 31]                          -> [3, 94, 35, 31, 3, 94, 35, 31]
    [17, 94, 13, 86, 94, 69]                 -> [17, 94, 13, 86, 94, 69, 17, 94, 13, 86, 94, 69]
    [75, 54, 4, 3]                           -> [75, 54, 4, 3, 75, 54, 4, 3]
    [27, 29, 64, 77]                         -> [27, 29, 64, 77, 27, 29, 64, 77]
    [71, 25, 91]                             -> [71, 25, 91, 71, 25, 91]
    [28, 57, 75, 35, 0, 97, 20, 89, 54]      -> [28, 57, 75, 35, 0, 97, 20, 89, 54, 28, 57, 75, 35, 0, 97, 20, 89, 54]
    [35, 19, 27, 97, 43, 13, 11, 48]         -> [35, 19, 27, 97, 43, 13, 11, 48, 35, 19, 27, 97, 43, 13, 11, 48]
    [45, 44, 77, 33]                         -> [45, 44, 77, 33, 45, 44, 77, 33]
    [93, 58, 68]                             -> [93, 58, 68, 93, 58, 68]
    [48, 10, 70, 37]                         -> [48, 10, 70, 37, 48, 10, 70, 37]

Program 2 (original #8):
  Variability: 1.000 ████████████████████████████████████████
  Type checks: ✓ | Compiles: ✓ | Uses input: ✓ | Size: 10 nodes
  Program: (λ (x) (concat x (take 2 (reverse x))))
  Behavior (27 test cases):
    []                                       -> []
    [0]                                      -> [0, 0]
    [5]                                      -> [5, 5]
    [1, 2, 3]                                -> [1, 2, 3, 3, 2]
    [10, 20, 30]                             -> [10, 20, 30, 30, 20]
    [0, 0, 0]                                -> [0, 0, 0, 0, 0]
    [99, 50, 1]                              -> [99, 50, 1, 1, 50]
    [1, 2, 3, 4, 5]                          -> [1, 2, 3, 4, 5, 5, 4]
    [5, 4, 3, 2, 1]                          -> [5, 4, 3, 2, 1, 1, 2]
    [1, 1, 2, 2, 3, 3]                       -> [1, 1, 2, 2, 3, 3, 3, 3]
    [7, 7, 7]                                -> [7, 7, 7, 7, 7]
    [70, 80, 90]                             -> [70, 80, 90, 90, 80]
    [1, 2, 3, 4, 5, 6, 7, 8, 9, 10]          -> [1, 2, 3, 4, 5, 6, 7, 8, 9, 10, 10, 9]
    [10, 9, 8, 7, 6, 5, 4, 3, 2, 1]          -> [10, 9, 8, 7, 6, 5, 4, 3, 2, 1, 1, 2]
    [2, 4, 6, 8, 10]                         -> [2, 4, 6, 8, 10, 10, 8]
    [1, 3, 5, 7, 9]                          -> [1, 3, 5, 7, 9, 9, 7]
    [5, 1, 4, 2, 3]                          -> [5, 1, 4, 2, 3, 3, 2]
    [3, 94, 35, 31]                          -> [3, 94, 35, 31, 31, 35]
    [17, 94, 13, 86, 94, 69]                 -> [17, 94, 13, 86, 94, 69, 69, 94]
    [75, 54, 4, 3]                           -> [75, 54, 4, 3, 3, 4]
    [27, 29, 64, 77]                         -> [27, 29, 64, 77, 77, 64]
    [71, 25, 91]                             -> [71, 25, 91, 91, 25]
    [28, 57, 75, 35, 0, 97, 20, 89, 54]      -> [28, 57, 75, 35, 0, 97, 20, 89, 54, 54, 89]
    [35, 19, 27, 97, 43, 13, 11, 48]         -> [35, 19, 27, 97, 43, 13, 11, 48, 48, 11]
    [45, 44, 77, 33]                         -> [45, 44, 77, 33, 33, 77]
    [93, 58, 68]                             -> [93, 58, 68, 68, 58]
    [48, 10, 70, 37]                         -> [48, 10, 70, 37, 37, 70]

Program 3 (original #18):
  Variability: 1.000 ████████████████████████████████████████
  Type checks: ✓ | Compiles: ✓ | Uses input: ✓ | Size: 5 nodes
  Program: (λ (x) (append x 4))
  Behavior (27 test cases):
    []                                       -> [4]
    [0]                                      -> [0, 4]
    [5]                                      -> [5, 4]
    [1, 2, 3]                                -> [1, 2, 3, 4]
    [10, 20, 30]                             -> [10, 20, 30, 4]
    [0, 0, 0]                                -> [0, 0, 0, 4]
    [99, 50, 1]                              -> [99, 50, 1, 4]
    [1, 2, 3, 4, 5]                          -> [1, 2, 3, 4, 5, 4]
    [5, 4, 3, 2, 1]                          -> [5, 4, 3, 2, 1, 4]
    [1, 1, 2, 2, 3, 3]                       -> [1, 1, 2, 2, 3, 3, 4]
    [7, 7, 7]                                -> [7, 7, 7, 4]
    [70, 80, 90]                             -> [70, 80, 90, 4]
    [1, 2, 3, 4, 5, 6, 7, 8, 9, 10]          -> [1, 2, 3, 4, 5, 6, 7, 8, 9, 10, 4]
    [10, 9, 8, 7, 6, 5, 4, 3, 2, 1]          -> [10, 9, 8, 7, 6, 5, 4, 3, 2, 1, 4]
    [2, 4, 6, 8, 10]                         -> [2, 4, 6, 8, 10, 4]
    [1, 3, 5, 7, 9]                          -> [1, 3, 5, 7, 9, 4]
    [5, 1, 4, 2, 3]                          -> [5, 1, 4, 2, 3, 4]
    [3, 94, 35, 31]                          -> [3, 94, 35, 31, 4]
    [17, 94, 13, 86, 94, 69]                 -> [17, 94, 13, 86, 94, 69, 4]
    [75, 54, 4, 3]                           -> [75, 54, 4, 3, 4]
    [27, 29, 64, 77]                         -> [27, 29, 64, 77, 4]
    [71, 25, 91]                             -> [71, 25, 91, 4]
    [28, 57, 75, 35, 0, 97, 20, 89, 54]      -> [28, 57, 75, 35, 0, 97, 20, 89, 54, 4]
    [35, 19, 27, 97, 43, 13, 11, 48]         -> [35, 19, 27, 97, 43, 13, 11, 48, 4]
    [45, 44, 77, 33]                         -> [45, 44, 77, 33, 4]
    [93, 58, 68]                             -> [93, 58, 68, 4]
    [48, 10, 70, 37]                         -> [48, 10, 70, 37, 4]

Program 4 (original #28):
  Variability: 1.000 ████████████████████████████████████████
  Type checks: ✓ | Compiles: ✓ | Uses input: ✓ | Size: 5 nodes
  Program: (λ (x) (append x 1))
  Behavior (27 test cases):
    []                                       -> [1]
    [0]                                      -> [0, 1]
    [5]                                      -> [5, 1]
    [1, 2, 3]                                -> [1, 2, 3, 1]
    [10, 20, 30]                             -> [10, 20, 30, 1]
    [0, 0, 0]                                -> [0, 0, 0, 1]
    [99, 50, 1]                              -> [99, 50, 1, 1]
    [1, 2, 3, 4, 5]                          -> [1, 2, 3, 4, 5, 1]
    [5, 4, 3, 2, 1]                          -> [5, 4, 3, 2, 1, 1]
    [1, 1, 2, 2, 3, 3]                       -> [1, 1, 2, 2, 3, 3, 1]
    [7, 7, 7]                                -> [7, 7, 7, 1]
    [70, 80, 90]                             -> [70, 80, 90, 1]
    [1, 2, 3, 4, 5, 6, 7, 8, 9, 10]          -> [1, 2, 3, 4, 5, 6, 7, 8, 9, 10, 1]
    [10, 9, 8, 7, 6, 5, 4, 3, 2, 1]          -> [10, 9, 8, 7, 6, 5, 4, 3, 2, 1, 1]
    [2, 4, 6, 8, 10]                         -> [2, 4, 6, 8, 10, 1]
    [1, 3, 5, 7, 9]                          -> [1, 3, 5, 7, 9, 1]
    [5, 1, 4, 2, 3]                          -> [5, 1, 4, 2, 3, 1]
    [3, 94, 35, 31]                          -> [3, 94, 35, 31, 1]
    [17, 94, 13, 86, 94, 69]                 -> [17, 94, 13, 86, 94, 69, 1]
    [75, 54, 4, 3]                           -> [75, 54, 4, 3, 1]
    [27, 29, 64, 77]                         -> [27, 29, 64, 77, 1]
    [71, 25, 91]                             -> [71, 25, 91, 1]
    [28, 57, 75, 35, 0, 97, 20, 89, 54]      -> [28, 57, 75, 35, 0, 97, 20, 89, 54, 1]
    [35, 19, 27, 97, 43, 13, 11, 48]         -> [35, 19, 27, 97, 43, 13, 11, 48, 1]
    [45, 44, 77, 33]                         -> [45, 44, 77, 33, 1]
    [93, 58, 68]                             -> [93, 58, 68, 1]
    [48, 10, 70, 37]                         -> [48, 10, 70, 37, 1]

Program 5 (original #13):
  Variability: 0.962 ██████████████████████████████████████
  Type checks: ✓ | Compiles: ✓ | Uses input: ✓ | Size: 5 nodes
  Program: (λ (x) (drop 2 x))
  Behavior (27 test cases):
    []                                       -> []
    [0]                                      -> []
    [5]                                      -> []
    [1, 2, 3]                                -> [3]
    [10, 20, 30]                             -> [30]
    [0, 0, 0]                                -> [0]
    [99, 50, 1]                              -> [1]
    [1, 2, 3, 4, 5]                          -> [3, 4, 5]
    [5, 4, 3, 2, 1]                          -> [3, 2, 1]
    [1, 1, 2, 2, 3, 3]                       -> [2, 2, 3, 3]
    [7, 7, 7]                                -> [7]
    [70, 80, 90]                             -> [90]
    [1, 2, 3, 4, 5, 6, 7, 8, 9, 10]          -> [3, 4, 5, 6, 7, 8, 9, 10]
    [10, 9, 8, 7, 6, 5, 4, 3, 2, 1]          -> [8, 7, 6, 5, 4, 3, 2, 1]
    [2, 4, 6, 8, 10]                         -> [6, 8, 10]
    [1, 3, 5, 7, 9]                          -> [5, 7, 9]
    [5, 1, 4, 2, 3]                          -> [4, 2, 3]
    [3, 94, 35, 31]                          -> [35, 31]
    [17, 94, 13, 86, 94, 69]                 -> [13, 86, 94, 69]
    [75, 54, 4, 3]                           -> [4, 3]
    [27, 29, 64, 77]                         -> [64, 77]
    [71, 25, 91]                             -> [91]
    [28, 57, 75, 35, 0, 97, 20, 89, 54]      -> [75, 35, 0, 97, 20, 89, 54]
    [35, 19, 27, 97, 43, 13, 11, 48]         -> [27, 97, 43, 13, 11, 48]
    [45, 44, 77, 33]                         -> [77, 33]
    [93, 58, 68]                             -> [68]
    [48, 10, 70, 37]                         -> [70, 37]

Program 6 (original #24):
  Variability: 0.923 ████████████████████████████████████
  Type checks: ✓ | Compiles: ✓ | Uses input: ✓ | Size: 5 nodes
  Program: (λ (x) (cut_idx 1 x))
  Behavior (27 test cases):
    []                                       -> ERROR: cut_idx: index 1 out of bounds
    [0]                                      -> ERROR: cut_idx: index 1 out of bounds
    [5]                                      -> ERROR: cut_idx: index 1 out of bounds
    [1, 2, 3]                                -> [1, 3]
    [10, 20, 30]                             -> [10, 30]
    [0, 0, 0]                                -> [0, 0]
    [99, 50, 1]                              -> [99, 1]
    [1, 2, 3, 4, 5]                          -> [1, 3, 4, 5]
    [5, 4, 3, 2, 1]                          -> [5, 3, 2, 1]
    [1, 1, 2, 2, 3, 3]                       -> [1, 2, 2, 3, 3]
    [7, 7, 7]                                -> [7, 7]
    [70, 80, 90]                             -> [70, 90]
    [1, 2, 3, 4, 5, 6, 7, 8, 9, 10]          -> [1, 3, 4, 5, 6, 7, 8, 9, 10]
    [10, 9, 8, 7, 6, 5, 4, 3, 2, 1]          -> [10, 8, 7, 6, 5, 4, 3, 2, 1]
    [2, 4, 6, 8, 10]                         -> [2, 6, 8, 10]
    [1, 3, 5, 7, 9]                          -> [1, 5, 7, 9]
    [5, 1, 4, 2, 3]                          -> [5, 4, 2, 3]
    [3, 94, 35, 31]                          -> [3, 35, 31]
    [17, 94, 13, 86, 94, 69]                 -> [17, 13, 86, 94, 69]
    [75, 54, 4, 3]                           -> [75, 4, 3]
    [27, 29, 64, 77]                         -> [27, 64, 77]
    [71, 25, 91]                             -> [71, 91]
    [28, 57, 75, 35, 0, 97, 20, 89, 54]      -> [28, 75, 35, 0, 97, 20, 89, 54]
    [35, 19, 27, 97, 43, 13, 11, 48]         -> [35, 27, 97, 43, 13, 11, 48]
    [45, 44, 77, 33]                         -> [45, 77, 33]
    [93, 58, 68]                             -> [93, 68]
    [48, 10, 70, 37]                         -> [48, 70, 37]

Program 7 (original #22):
  Variability: 0.885 ███████████████████████████████████
  Type checks: ✓ | Compiles: ✓ | Uses input: ✓ | Size: 7 nodes
  Program: (λ (x) (cut_vals (min x) x))
  Behavior (27 test cases):
    []                                       -> ERROR: min: empty list
    [0]                                      -> []
    [5]                                      -> []
    [1, 2, 3]                                -> [2, 3]
    [10, 20, 30]                             -> [20, 30]
    [0, 0, 0]                                -> []
    [99, 50, 1]                              -> [99, 50]
    [1, 2, 3, 4, 5]                          -> [2, 3, 4, 5]
    [5, 4, 3, 2, 1]                          -> [5, 4, 3, 2]
    [1, 1, 2, 2, 3, 3]                       -> [2, 2, 3, 3]
    [7, 7, 7]                                -> []
    [70, 80, 90]                             -> [80, 90]
    [1, 2, 3, 4, 5, 6, 7, 8, 9, 10]          -> [2, 3, 4, 5, 6, 7, 8, 9, 10]
    [10, 9, 8, 7, 6, 5, 4, 3, 2, 1]          -> [10, 9, 8, 7, 6, 5, 4, 3, 2]
    [2, 4, 6, 8, 10]                         -> [4, 6, 8, 10]
    [1, 3, 5, 7, 9]                          -> [3, 5, 7, 9]
    [5, 1, 4, 2, 3]                          -> [5, 4, 2, 3]
    [3, 94, 35, 31]                          -> [94, 35, 31]
    [17, 94, 13, 86, 94, 69]                 -> [17, 94, 86, 94, 69]
    [75, 54, 4, 3]                           -> [75, 54, 4]
    [27, 29, 64, 77]                         -> [29, 64, 77]
    [71, 25, 91]                             -> [71, 91]
    [28, 57, 75, 35, 0, 97, 20, 89, 54]      -> [28, 57, 75, 35, 97, 20, 89, 54]
    [35, 19, 27, 97, 43, 13, 11, 48]         -> [35, 19, 27, 97, 43, 13, 48]
    [45, 44, 77, 33]                         -> [45, 44, 77]
    [93, 58, 68]                             -> [93, 68]
    [48, 10, 70, 37]                         -> [48, 70, 37]

Program 8 (original #11):
  Variability: 0.692 ███████████████████████████
  Type checks: ✓ | Compiles: ✓ | Uses input: ✓ | Size: 8 nodes
  Program: (λ (x) (filter (λ (y) (is_odd y)) x))
  Behavior (27 test cases):
    []                                       -> []
    [0]                                      -> []
    [5]                                      -> [5]
    [1, 2, 3]                                -> [1, 3]
    [10, 20, 30]                             -> []
    [0, 0, 0]                                -> []
    [99, 50, 1]                              -> [99, 1]
    [1, 2, 3, 4, 5]                          -> [1, 3, 5]
    [5, 4, 3, 2, 1]                          -> [5, 3, 1]
    [1, 1, 2, 2, 3, 3]                       -> [1, 1, 3, 3]
    [7, 7, 7]                                -> [7, 7, 7]
    [70, 80, 90]                             -> []
    [1, 2, 3, 4, 5, 6, 7, 8, 9, 10]          -> [1, 3, 5, 7, 9]
    [10, 9, 8, 7, 6, 5, 4, 3, 2, 1]          -> [9, 7, 5, 3, 1]
    [2, 4, 6, 8, 10]                         -> []
    [1, 3, 5, 7, 9]                          -> [1, 3, 5, 7, 9]
    [5, 1, 4, 2, 3]                          -> [5, 1, 3]
    [3, 94, 35, 31]                          -> [3, 35, 31]
    [17, 94, 13, 86, 94, 69]                 -> [17, 13, 69]
    [75, 54, 4, 3]                           -> [75, 3]
    [27, 29, 64, 77]                         -> [27, 29, 77]
    [71, 25, 91]                             -> [71, 25, 91]
    [28, 57, 75, 35, 0, 97, 20, 89, 54]      -> [57, 75, 35, 97, 89]
    [35, 19, 27, 97, 43, 13, 11, 48]         -> [35, 19, 27, 97, 43, 13, 11]
    [45, 44, 77, 33]                         -> [45, 77, 33]
    [93, 58, 68]                             -> [93]
    [48, 10, 70, 37]                         -> [37]

Program 9 (original #30):
  Variability: 0.692 ███████████████████████████
  Type checks: ✓ | Compiles: ✓ | Uses input: ✓ | Size: 7 nodes
  Program: (λ (x) (repeat (first x) 3))
  Behavior (27 test cases):
    []                                       -> ERROR: first: empty list
    [0]                                      -> [0, 0, 0]
    [5]                                      -> [5, 5, 5]
    [1, 2, 3]                                -> [1, 1, 1]
    [10, 20, 30]                             -> [10, 10, 10]
    [0, 0, 0]                                -> [0, 0, 0]
    [99, 50, 1]                              -> [99, 99, 99]
    [1, 2, 3, 4, 5]                          -> [1, 1, 1]
    [5, 4, 3, 2, 1]                          -> [5, 5, 5]
    [1, 1, 2, 2, 3, 3]                       -> [1, 1, 1]
    [7, 7, 7]                                -> [7, 7, 7]
    [70, 80, 90]                             -> [70, 70, 70]
    [1, 2, 3, 4, 5, 6, 7, 8, 9, 10]          -> [1, 1, 1]
    [10, 9, 8, 7, 6, 5, 4, 3, 2, 1]          -> [10, 10, 10]
    [2, 4, 6, 8, 10]                         -> [2, 2, 2]
    [1, 3, 5, 7, 9]                          -> [1, 1, 1]
    [5, 1, 4, 2, 3]                          -> [5, 5, 5]
    [3, 94, 35, 31]                          -> [3, 3, 3]
    [17, 94, 13, 86, 94, 69]                 -> [17, 17, 17]
    [75, 54, 4, 3]                           -> [75, 75, 75]
    [27, 29, 64, 77]                         -> [27, 27, 27]
    [71, 25, 91]                             -> [71, 71, 71]
    [28, 57, 75, 35, 0, 97, 20, 89, 54]      -> [28, 28, 28]
    [35, 19, 27, 97, 43, 13, 11, 48]         -> [35, 35, 35]
    [45, 44, 77, 33]                         -> [45, 45, 45]
    [93, 58, 68]                             -> [93, 93, 93]
    [48, 10, 70, 37]                         -> [48, 48, 48]

Program 10 (original #14):
  Variability: 0.654 ██████████████████████████
  Type checks: ✓ | Compiles: ✓ | Uses input: ✓ | Size: 5 nodes
  Program: (λ (x) (droplast 3 x))
  Behavior (27 test cases):
    []                                       -> []
    [0]                                      -> []
    [5]                                      -> []
    [1, 2, 3]                                -> []
    [10, 20, 30]                             -> []
    [0, 0, 0]                                -> []
    [99, 50, 1]                              -> []
    [1, 2, 3, 4, 5]                          -> [1, 2]
    [5, 4, 3, 2, 1]                          -> [5, 4]
    [1, 1, 2, 2, 3, 3]                       -> [1, 1, 2]
    [7, 7, 7]                                -> []
    [70, 80, 90]                             -> []
    [1, 2, 3, 4, 5, 6, 7, 8, 9, 10]          -> [1, 2, 3, 4, 5, 6, 7]
    [10, 9, 8, 7, 6, 5, 4, 3, 2, 1]          -> [10, 9, 8, 7, 6, 5, 4]
    [2, 4, 6, 8, 10]                         -> [2, 4]
    [1, 3, 5, 7, 9]                          -> [1, 3]
    [5, 1, 4, 2, 3]                          -> [5, 1]
    [3, 94, 35, 31]                          -> [3]
    [17, 94, 13, 86, 94, 69]                 -> [17, 94, 13]
    [75, 54, 4, 3]                           -> [75]
    [27, 29, 64, 77]                         -> [27]
    [71, 25, 91]                             -> []
    [28, 57, 75, 35, 0, 97, 20, 89, 54]      -> [28, 57, 75, 35, 0, 97]
    [35, 19, 27, 97, 43, 13, 11, 48]         -> [35, 19, 27, 97, 43]
    [45, 44, 77, 33]                         -> [45]
    [93, 58, 68]                             -> []
    [48, 10, 70, 37]                         -> [48]

Program 11 (original #3):
  Variability: 0.615 ████████████████████████
  Type checks: ✓ | Compiles: ✓ | Uses input: ✓ | Size: 11 nodes
  Program: (λ (x) (takelast (last x) (sort (λ (y) y) x)))
  Behavior (27 test cases):
    []                                       -> ERROR: last: empty list
    [0]                                      -> []
    [5]                                      -> [5]
    [1, 2, 3]                                -> [1, 2, 3]
    [10, 20, 30]                             -> [10, 20, 30]
    [0, 0, 0]                                -> []
    [99, 50, 1]                              -> [99]
    [1, 2, 3, 4, 5]                          -> [1, 2, 3, 4, 5]
    [5, 4, 3, 2, 1]                          -> [5]
    [1, 1, 2, 2, 3, 3]                       -> [2, 3, 3]
    [7, 7, 7]                                -> [7, 7, 7]
    [70, 80, 90]                             -> [70, 80, 90]
    [1, 2, 3, 4, 5, 6, 7, 8, 9, 10]          -> [1, 2, 3, 4, 5, 6, 7, 8, 9, 10]
    [10, 9, 8, 7, 6, 5, 4, 3, 2, 1]          -> [10]
    [2, 4, 6, 8, 10]                         -> [2, 4, 6, 8, 10]
    [1, 3, 5, 7, 9]                          -> [1, 3, 5, 7, 9]
    [5, 1, 4, 2, 3]                          -> [3, 4, 5]
    [3, 94, 35, 31]                          -> [3, 31, 35, 94]
    [17, 94, 13, 86, 94, 69]                 -> [13, 17, 69, 86, 94, 94]
    [75, 54, 4, 3]                           -> [4, 54, 75]
    [27, 29, 64, 77]                         -> [27, 29, 64, 77]
    [71, 25, 91]                             -> [25, 71, 91]
    [28, 57, 75, 35, 0, 97, 20, 89, 54]      -> [0, 20, 28, 35, 54, 57, 75, 89, 97]
    [35, 19, 27, 97, 43, 13, 11, 48]         -> [11, 13, 19, 27, 35, 43, 48, 97]
    [45, 44, 77, 33]                         -> [33, 44, 45, 77]
    [93, 58, 68]                             -> [58, 68, 93]
    [48, 10, 70, 37]                         -> [10, 37, 48, 70]

Program 12 (original #15):
  Variability: 0.462 ██████████████████
  Type checks: ✓ | Compiles: ✓ | Uses input: ✓ | Size: 6 nodes
  Program: (λ (x) (sort (λ (y) y) x))
  Behavior (27 test cases):
    []                                       -> []
    [0]                                      -> [0]
    [5]                                      -> [5]
    [1, 2, 3]                                -> [1, 2, 3]
    [10, 20, 30]                             -> [10, 20, 30]
    [0, 0, 0]                                -> [0, 0, 0]
    [99, 50, 1]                              -> [1, 50, 99]
    [1, 2, 3, 4, 5]                          -> [1, 2, 3, 4, 5]
    [5, 4, 3, 2, 1]                          -> [1, 2, 3, 4, 5]
    [1, 1, 2, 2, 3, 3]                       -> [1, 1, 2, 2, 3, 3]
    [7, 7, 7]                                -> [7, 7, 7]
    [70, 80, 90]                             -> [70, 80, 90]
    [1, 2, 3, 4, 5, 6, 7, 8, 9, 10]          -> [1, 2, 3, 4, 5, 6, 7, 8, 9, 10]
    [10, 9, 8, 7, 6, 5, 4, 3, 2, 1]          -> [1, 2, 3, 4, 5, 6, 7, 8, 9, 10]
    [2, 4, 6, 8, 10]                         -> [2, 4, 6, 8, 10]
    [1, 3, 5, 7, 9]                          -> [1, 3, 5, 7, 9]
    [5, 1, 4, 2, 3]                          -> [1, 2, 3, 4, 5]
    [3, 94, 35, 31]                          -> [3, 31, 35, 94]
    [17, 94, 13, 86, 94, 69]                 -> [13, 17, 69, 86, 94, 94]
    [75, 54, 4, 3]                           -> [3, 4, 54, 75]
    [27, 29, 64, 77]                         -> [27, 29, 64, 77]
    [71, 25, 91]                             -> [25, 71, 91]
    [28, 57, 75, 35, 0, 97, 20, 89, 54]      -> [0, 20, 28, 35, 54, 57, 75, 89, 97]
    [35, 19, 27, 97, 43, 13, 11, 48]         -> [11, 13, 19, 27, 35, 43, 48, 97]
    [45, 44, 77, 33]                         -> [33, 44, 45, 77]
    [93, 58, 68]                             -> [58, 68, 93]
    [48, 10, 70, 37]                         -> [10, 37, 48, 70]

Program 13 (original #17):
  Variability: 0.462 ██████████████████
  Type checks: ✓ | Compiles: ✓ | Uses input: ✓ | Size: 9 nodes
  Program: (λ (x) (takelast 99 (sort (λ (y) y) x)))
  Behavior (27 test cases):
    []                                       -> []
    [0]                                      -> [0]
    [5]                                      -> [5]
    [1, 2, 3]                                -> [1, 2, 3]
    [10, 20, 30]                             -> [10, 20, 30]
    [0, 0, 0]                                -> [0, 0, 0]
    [99, 50, 1]                              -> [1, 50, 99]
    [1, 2, 3, 4, 5]                          -> [1, 2, 3, 4, 5]
    [5, 4, 3, 2, 1]                          -> [1, 2, 3, 4, 5]
    [1, 1, 2, 2, 3, 3]                       -> [1, 1, 2, 2, 3, 3]
    [7, 7, 7]                                -> [7, 7, 7]
    [70, 80, 90]                             -> [70, 80, 90]
    [1, 2, 3, 4, 5, 6, 7, 8, 9, 10]          -> [1, 2, 3, 4, 5, 6, 7, 8, 9, 10]
    [10, 9, 8, 7, 6, 5, 4, 3, 2, 1]          -> [1, 2, 3, 4, 5, 6, 7, 8, 9, 10]
    [2, 4, 6, 8, 10]                         -> [2, 4, 6, 8, 10]
    [1, 3, 5, 7, 9]                          -> [1, 3, 5, 7, 9]
    [5, 1, 4, 2, 3]                          -> [1, 2, 3, 4, 5]
    [3, 94, 35, 31]                          -> [3, 31, 35, 94]
    [17, 94, 13, 86, 94, 69]                 -> [13, 17, 69, 86, 94, 94]
    [75, 54, 4, 3]                           -> [3, 4, 54, 75]
    [27, 29, 64, 77]                         -> [27, 29, 64, 77]
    [71, 25, 91]                             -> [25, 71, 91]
    [28, 57, 75, 35, 0, 97, 20, 89, 54]      -> [0, 20, 28, 35, 54, 57, 75, 89, 97]
    [35, 19, 27, 97, 43, 13, 11, 48]         -> [11, 13, 19, 27, 35, 43, 48, 97]
    [45, 44, 77, 33]                         -> [33, 44, 45, 77]
    [93, 58, 68]                             -> [58, 68, 93]
    [48, 10, 70, 37]                         -> [10, 37, 48, 70]

Program 14 (original #20):
  Variability: 0.423 ████████████████
  Type checks: ✓ | Compiles: ✓ | Uses input: ✓ | Size: 8 nodes
  Program: (λ (x) (cut_slice 10 (second x) x))
  Behavior (27 test cases):
    []                                       -> ERROR: second: list too short
    [0]                                      -> ERROR: second: list too short
    [5]                                      -> ERROR: second: list too short
    [1, 2, 3]                                -> [1, 2, 3, 3]
    [10, 20, 30]                             -> [10, 20, 30]
    [0, 0, 0]                                -> [0, 0, 0, 0, 0, 0]
    [99, 50, 1]                              -> [99, 50, 1]
    [1, 2, 3, 4, 5]                          -> [1, 2, 3, 4, 5, 3, 4, 5]
    [5, 4, 3, 2, 1]                          -> [5, 4, 3, 2, 1, 1]
    [1, 1, 2, 2, 3, 3]                       -> [1, 1, 2, 2, 3, 3, 1, 2, 2, 3, 3]
    [7, 7, 7]                                -> [7, 7, 7]
    [70, 80, 90]                             -> [70, 80, 90]
    [1, 2, 3, 4, 5, 6, 7, 8, 9, 10]          -> [1, 2, 3, 4, 5, 6, 7, 8, 9, 10, 3, 4, 5, 6, 7, 8, 9, 10]
    [10, 9, 8, 7, 6, 5, 4, 3, 2, 1]          -> [10, 9, 8, 7, 6, 5, 4, 3, 2, 1, 1]
    [2, 4, 6, 8, 10]                         -> [2, 4, 6, 8, 10, 10]
    [1, 3, 5, 7, 9]                          -> [1, 3, 5, 7, 9, 7, 9]
    [5, 1, 4, 2, 3]                          -> [5, 1, 4, 2, 3, 1, 4, 2, 3]
    [3, 94, 35, 31]                          -> [3, 94, 35, 31]
    [17, 94, 13, 86, 94, 69]                 -> [17, 94, 13, 86, 94, 69]
    [75, 54, 4, 3]                           -> [75, 54, 4, 3]
    [27, 29, 64, 77]                         -> [27, 29, 64, 77]
    [71, 25, 91]                             -> [71, 25, 91]
    [28, 57, 75, 35, 0, 97, 20, 89, 54]      -> [28, 57, 75, 35, 0, 97, 20, 89, 54]
    [35, 19, 27, 97, 43, 13, 11, 48]         -> [35, 19, 27, 97, 43, 13, 11, 48]
    [45, 44, 77, 33]                         -> [45, 44, 77, 33]
    [93, 58, 68]                             -> [93, 58, 68]
    [48, 10, 70, 37]                         -> [48, 10, 70, 37]

Program 15 (original #6):
  Variability: 0.385 ███████████████
  Type checks: ✓ | Compiles: ✓ | Uses input: ✓ | Size: 10 nodes
  Program: (λ (x) (cut_slice (first x) (second x) x))
  Behavior (27 test cases):
    []                                       -> ERROR: first: empty list
    [0]                                      -> ERROR: second: list too short
    [5]                                      -> ERROR: second: list too short
    [1, 2, 3]                                -> [1, 3]
    [10, 20, 30]                             -> [10, 20, 30]
    [0, 0, 0]                                -> [0, 0, 0]
    [99, 50, 1]                              -> [99, 50, 1]
    [1, 2, 3, 4, 5]                          -> [1, 3, 4, 5]
    [5, 4, 3, 2, 1]                          -> [5, 4, 3, 2, 1, 1]
    [1, 1, 2, 2, 3, 3]                       -> [1, 1, 2, 2, 3, 3]
    [7, 7, 7]                                -> [7, 7, 7]
    [70, 80, 90]                             -> [70, 80, 90]
    [1, 2, 3, 4, 5, 6, 7, 8, 9, 10]          -> [1, 3, 4, 5, 6, 7, 8, 9, 10]
    [10, 9, 8, 7, 6, 5, 4, 3, 2, 1]          -> [10, 9, 8, 7, 6, 5, 4, 3, 2, 1, 1]
    [2, 4, 6, 8, 10]                         -> [2, 4, 10]
    [1, 3, 5, 7, 9]                          -> [1, 7, 9]
    [5, 1, 4, 2, 3]                          -> [5, 1, 4, 2, 3, 1, 4, 2, 3]
    [3, 94, 35, 31]                          -> [3, 94, 35]
    [17, 94, 13, 86, 94, 69]                 -> [17, 94, 13, 86, 94, 69]
    [75, 54, 4, 3]                           -> [75, 54, 4, 3]
    [27, 29, 64, 77]                         -> [27, 29, 64, 77]
    [71, 25, 91]                             -> [71, 25, 91]
    [28, 57, 75, 35, 0, 97, 20, 89, 54]      -> [28, 57, 75, 35, 0, 97, 20, 89, 54]
    [35, 19, 27, 97, 43, 13, 11, 48]         -> [35, 19, 27, 97, 43, 13, 11, 48]
    [45, 44, 77, 33]                         -> [45, 44, 77, 33]
    [93, 58, 68]                             -> [93, 58, 68]
    [48, 10, 70, 37]                         -> [48, 10, 70, 37]

Program 16 (original #7):
  Variability: 0.346 █████████████
  Type checks: ✓ | Compiles: ✓ | Uses input: ✓ | Size: 8 nodes
  Program: (λ (x) (slice (first x) 10 x))
  Behavior (27 test cases):
    []                                       -> ERROR: first: empty list
    [0]                                      -> [0]
    [5]                                      -> []
    [1, 2, 3]                                -> [2, 3]
    [10, 20, 30]                             -> []
    [0, 0, 0]                                -> [0, 0, 0]
    [99, 50, 1]                              -> []
    [1, 2, 3, 4, 5]                          -> [2, 3, 4, 5]
    [5, 4, 3, 2, 1]                          -> []
    [1, 1, 2, 2, 3, 3]                       -> [1, 2, 2, 3, 3]
    [7, 7, 7]                                -> []
    [70, 80, 90]                             -> []
    [1, 2, 3, 4, 5, 6, 7, 8, 9, 10]          -> [2, 3, 4, 5, 6, 7, 8, 9, 10]
    [10, 9, 8, 7, 6, 5, 4, 3, 2, 1]          -> []
    [2, 4, 6, 8, 10]                         -> [6, 8, 10]
    [1, 3, 5, 7, 9]                          -> [3, 5, 7, 9]
    [5, 1, 4, 2, 3]                          -> []
    [3, 94, 35, 31]                          -> [31]
    [17, 94, 13, 86, 94, 69]                 -> []
    [75, 54, 4, 3]                           -> []
    [27, 29, 64, 77]                         -> []
    [71, 25, 91]                             -> []
    [28, 57, 75, 35, 0, 97, 20, 89, 54]      -> []
    [35, 19, 27, 97, 43, 13, 11, 48]         -> []
    [45, 44, 77, 33]                         -> []
    [93, 58, 68]                             -> []
    [48, 10, 70, 37]                         -> []

Program 17 (original #26):
  Variability: 0.346 █████████████
  Type checks: ✓ | Compiles: ✓ | Uses input: ✓ | Size: 7 nodes
  Program: (λ (x) (drop (first x) x))
  Behavior (27 test cases):
    []                                       -> ERROR: first: empty list
    [0]                                      -> [0]
    [5]                                      -> []
    [1, 2, 3]                                -> [2, 3]
    [10, 20, 30]                             -> []
    [0, 0, 0]                                -> [0, 0, 0]
    [99, 50, 1]                              -> []
    [1, 2, 3, 4, 5]                          -> [2, 3, 4, 5]
    [5, 4, 3, 2, 1]                          -> []
    [1, 1, 2, 2, 3, 3]                       -> [1, 2, 2, 3, 3]
    [7, 7, 7]                                -> []
    [70, 80, 90]                             -> []
    [1, 2, 3, 4, 5, 6, 7, 8, 9, 10]          -> [2, 3, 4, 5, 6, 7, 8, 9, 10]
    [10, 9, 8, 7, 6, 5, 4, 3, 2, 1]          -> []
    [2, 4, 6, 8, 10]                         -> [6, 8, 10]
    [1, 3, 5, 7, 9]                          -> [3, 5, 7, 9]
    [5, 1, 4, 2, 3]                          -> []
    [3, 94, 35, 31]                          -> [31]
    [17, 94, 13, 86, 94, 69]                 -> []
    [75, 54, 4, 3]                           -> []
    [27, 29, 64, 77]                         -> []
    [71, 25, 91]                             -> []
    [28, 57, 75, 35, 0, 97, 20, 89, 54]      -> []
    [35, 19, 27, 97, 43, 13, 11, 48]         -> []
    [45, 44, 77, 33]                         -> []
    [93, 58, 68]                             -> []
    [48, 10, 70, 37]                         -> []

Program 18 (original #12):
  Variability: 0.192 ███████
  Type checks: ✓ | Compiles: ✓ | Uses input: ✓ | Size: 11 nodes
  Program: (λ (x) (replace 3 4 (cut_idx (first x) x)))
  Behavior (27 test cases):
    []                                       -> ERROR: first: empty list
    [0]                                      -> ERROR: replace: index 3 out of bounds
    [5]                                      -> ERROR: cut_idx: index 5 out of bounds
    [1, 2, 3]                                -> ERROR: replace: index 3 out of bounds
    [10, 20, 30]                             -> ERROR: cut_idx: index 10 out of bounds
    [0, 0, 0]                                -> ERROR: replace: index 3 out of bounds
    [99, 50, 1]                              -> ERROR: cut_idx: index 99 out of bounds
    [1, 2, 3, 4, 5]                          -> [1, 3, 4, 4]
    [5, 4, 3, 2, 1]                          -> ERROR: cut_idx: index 5 out of bounds
    [1, 1, 2, 2, 3, 3]                       -> [1, 2, 2, 4, 3]
    [7, 7, 7]                                -> ERROR: cut_idx: index 7 out of bounds
    [70, 80, 90]                             -> ERROR: cut_idx: index 70 out of bounds
    [1, 2, 3, 4, 5, 6, 7, 8, 9, 10]          -> [1, 3, 4, 4, 6, 7, 8, 9, 10]
    [10, 9, 8, 7, 6, 5, 4, 3, 2, 1]          -> ERROR: cut_idx: index 10 out of bounds
    [2, 4, 6, 8, 10]                         -> [2, 4, 8, 4]
    [1, 3, 5, 7, 9]                          -> [1, 5, 7, 4]
    [5, 1, 4, 2, 3]                          -> ERROR: cut_idx: index 5 out of bounds
    [3, 94, 35, 31]                          -> ERROR: replace: index 3 out of bounds
    [17, 94, 13, 86, 94, 69]                 -> ERROR: cut_idx: index 17 out of bounds
    [75, 54, 4, 3]                           -> ERROR: cut_idx: index 75 out of bounds
    [27, 29, 64, 77]                         -> ERROR: cut_idx: index 27 out of bounds
    [71, 25, 91]                             -> ERROR: cut_idx: index 71 out of bounds
    [28, 57, 75, 35, 0, 97, 20, 89, 54]      -> ERROR: cut_idx: index 28 out of bounds
    [35, 19, 27, 97, 43, 13, 11, 48]         -> ERROR: cut_idx: index 35 out of bounds
    [45, 44, 77, 33]                         -> ERROR: cut_idx: index 45 out of bounds
    [93, 58, 68]                             -> ERROR: cut_idx: index 93 out of bounds
    [48, 10, 70, 37]                         -> ERROR: cut_idx: index 48 out of bounds

Program 19 (original #4):
  Variability: 0.115 ████
  Type checks: ✓ | Compiles: ✓ | Uses input: ✓ | Size: 12 nodes
  Program: (λ (x) (if (is_in x 2) (swap 4 6 x) x))
  Behavior (27 test cases):
    []                                       -> []
    [0]                                      -> [0]
    [5]                                      -> [5]
    [1, 2, 3]                                -> ERROR: swap: index out of bounds
    [10, 20, 30]                             -> [10, 20, 30]
    [0, 0, 0]                                -> [0, 0, 0]
    [99, 50, 1]                              -> [99, 50, 1]
    [1, 2, 3, 4, 5]                          -> ERROR: swap: index out of bounds
    [5, 4, 3, 2, 1]                          -> ERROR: swap: index out of bounds
    [1, 1, 2, 2, 3, 3]                       -> ERROR: swap: index out of bounds
    [7, 7, 7]                                -> [7, 7, 7]
    [70, 80, 90]                             -> [70, 80, 90]
    [1, 2, 3, 4, 5, 6, 7, 8, 9, 10]          -> [1, 2, 3, 4, 7, 6, 5, 8, 9, 10]
    [10, 9, 8, 7, 6, 5, 4, 3, 2, 1]          -> [10, 9, 8, 7, 4, 5, 6, 3, 2, 1]
    [2, 4, 6, 8, 10]                         -> ERROR: swap: index out of bounds
    [1, 3, 5, 7, 9]                          -> [1, 3, 5, 7, 9]
    [5, 1, 4, 2, 3]                          -> ERROR: swap: index out of bounds
    [3, 94, 35, 31]                          -> [3, 94, 35, 31]
    [17, 94, 13, 86, 94, 69]                 -> [17, 94, 13, 86, 94, 69]
    [75, 54, 4, 3]                           -> [75, 54, 4, 3]
    [27, 29, 64, 77]                         -> [27, 29, 64, 77]
    [71, 25, 91]                             -> [71, 25, 91]
    [28, 57, 75, 35, 0, 97, 20, 89, 54]      -> [28, 57, 75, 35, 0, 97, 20, 89, 54]
    [35, 19, 27, 97, 43, 13, 11, 48]         -> [35, 19, 27, 97, 43, 13, 11, 48]
    [45, 44, 77, 33]                         -> [45, 44, 77, 33]
    [93, 58, 68]                             -> [93, 58, 68]
    [48, 10, 70, 37]                         -> [48, 10, 70, 37]

Program 20 (original #1):
  Variability: 0.038 █
  Type checks: ✓ | Compiles: ✓ | Uses input: ✗ | Size: 2 nodes
  Program: (λ (x) [])
  Behavior (27 test cases):
    []                                       -> []
    [0]                                      -> []
    [5]                                      -> []
    [1, 2, 3]                                -> []
    [10, 20, 30]                             -> []
    [0, 0, 0]                                -> []
    [99, 50, 1]                              -> []
    [1, 2, 3, 4, 5]                          -> []
    [5, 4, 3, 2, 1]                          -> []
    [1, 1, 2, 2, 3, 3]                       -> []
    [7, 7, 7]                                -> []
    [70, 80, 90]                             -> []
    [1, 2, 3, 4, 5, 6, 7, 8, 9, 10]          -> []
    [10, 9, 8, 7, 6, 5, 4, 3, 2, 1]          -> []
    [2, 4, 6, 8, 10]                         -> []
    [1, 3, 5, 7, 9]                          -> []
    [5, 1, 4, 2, 3]                          -> []
    [3, 94, 35, 31]                          -> []
    [17, 94, 13, 86, 94, 69]                 -> []
    [75, 54, 4, 3]                           -> []
    [27, 29, 64, 77]                         -> []
    [71, 25, 91]                             -> []
    [28, 57, 75, 35, 0, 97, 20, 89, 54]      -> []
    [35, 19, 27, 97, 43, 13, 11, 48]         -> []
    [45, 44, 77, 33]                         -> []
    [93, 58, 68]                             -> []
    [48, 10, 70, 37]                         -> []

Program 21 (original #9):
  Variability: 0.038 █
  Type checks: ✓ | Compiles: ✓ | Uses input: ✓ | Size: 13 nodes
  Program: (λ (x) (flatten (zip (droplast 27 x) (drop 7 x))))
  Behavior (27 test cases):
    []                                       -> []
    [0]                                      -> []
    [5]                                      -> []
    [1, 2, 3]                                -> []
    [10, 20, 30]                             -> []
    [0, 0, 0]                                -> []
    [99, 50, 1]                              -> []
    [1, 2, 3, 4, 5]                          -> []
    [5, 4, 3, 2, 1]                          -> []
    [1, 1, 2, 2, 3, 3]                       -> []
    [7, 7, 7]                                -> []
    [70, 80, 90]                             -> []
    [1, 2, 3, 4, 5, 6, 7, 8, 9, 10]          -> []
    [10, 9, 8, 7, 6, 5, 4, 3, 2, 1]          -> []
    [2, 4, 6, 8, 10]                         -> []
    [1, 3, 5, 7, 9]                          -> []
    [5, 1, 4, 2, 3]                          -> []
    [3, 94, 35, 31]                          -> []
    [17, 94, 13, 86, 94, 69]                 -> []
    [75, 54, 4, 3]                           -> []
    [27, 29, 64, 77]                         -> []
    [71, 25, 91]                             -> []
    [28, 57, 75, 35, 0, 97, 20, 89, 54]      -> []
    [35, 19, 27, 97, 43, 13, 11, 48]         -> []
    [45, 44, 77, 33]                         -> []
    [93, 58, 68]                             -> []
    [48, 10, 70, 37]                         -> []

Program 22 (original #16):
  Variability: 0.038 █
  Type checks: ✗ | Compiles: ✓ | Uses input: ✓ | Size: 9 nodes
  Program: (λ (x) (reverse (filteri (λ (y) (λ (z) false)) x)))
  Behavior (27 test cases):
    []                                       -> []
    [0]                                      -> []
    [5]                                      -> []
    [1, 2, 3]                                -> []
    [10, 20, 30]                             -> []
    [0, 0, 0]                                -> []
    [99, 50, 1]                              -> []
    [1, 2, 3, 4, 5]                          -> []
    [5, 4, 3, 2, 1]                          -> []
    [1, 1, 2, 2, 3, 3]                       -> []
    [7, 7, 7]                                -> []
    [70, 80, 90]                             -> []
    [1, 2, 3, 4, 5, 6, 7, 8, 9, 10]          -> []
    [10, 9, 8, 7, 6, 5, 4, 3, 2, 1]          -> []
    [2, 4, 6, 8, 10]                         -> []
    [1, 3, 5, 7, 9]                          -> []
    [5, 1, 4, 2, 3]                          -> []
    [3, 94, 35, 31]                          -> []
    [17, 94, 13, 86, 94, 69]                 -> []
    [75, 54, 4, 3]                           -> []
    [27, 29, 64, 77]                         -> []
    [71, 25, 91]                             -> []
    [28, 57, 75, 35, 0, 97, 20, 89, 54]      -> []
    [35, 19, 27, 97, 43, 13, 11, 48]         -> []
    [45, 44, 77, 33]                         -> []
    [93, 58, 68]                             -> []
    [48, 10, 70, 37]                         -> []

Program 23 (original #21):
  Variability: 0.038 █
  Type checks: ✗ | Compiles: ✓ | Uses input: ✓ | Size: 9 nodes
  Program: (λ (x) (reverse (filteri (λ (y) (λ (z) false)) x)))
  Behavior (27 test cases):
    []                                       -> []
    [0]                                      -> []
    [5]                                      -> []
    [1, 2, 3]                                -> []
    [10, 20, 30]                             -> []
    [0, 0, 0]                                -> []
    [99, 50, 1]                              -> []
    [1, 2, 3, 4, 5]                          -> []
    [5, 4, 3, 2, 1]                          -> []
    [1, 1, 2, 2, 3, 3]                       -> []
    [7, 7, 7]                                -> []
    [70, 80, 90]                             -> []
    [1, 2, 3, 4, 5, 6, 7, 8, 9, 10]          -> []
    [10, 9, 8, 7, 6, 5, 4, 3, 2, 1]          -> []
    [2, 4, 6, 8, 10]                         -> []
    [1, 3, 5, 7, 9]                          -> []
    [5, 1, 4, 2, 3]                          -> []
    [3, 94, 35, 31]                          -> []
    [17, 94, 13, 86, 94, 69]                 -> []
    [75, 54, 4, 3]                           -> []
    [27, 29, 64, 77]                         -> []
    [71, 25, 91]                             -> []
    [28, 57, 75, 35, 0, 97, 20, 89, 54]      -> []
    [35, 19, 27, 97, 43, 13, 11, 48]         -> []
    [45, 44, 77, 33]                         -> []
    [93, 58, 68]                             -> []
    [48, 10, 70, 37]                         -> []

Program 24 (original #23):
  Variability: 0.038 █
  Type checks: ✓ | Compiles: ✓ | Uses input: ✗ | Size: 10 nodes
  Program: (λ (x) (sort (λ (y) y) (unique (flatten []))))
  Behavior (27 test cases):
    []                                       -> []
    [0]                                      -> []
    [5]                                      -> []
    [1, 2, 3]                                -> []
    [10, 20, 30]                             -> []
    [0, 0, 0]                                -> []
    [99, 50, 1]                              -> []
    [1, 2, 3, 4, 5]                          -> []
    [5, 4, 3, 2, 1]                          -> []
    [1, 1, 2, 2, 3, 3]                       -> []
    [7, 7, 7]                                -> []
    [70, 80, 90]                             -> []
    [1, 2, 3, 4, 5, 6, 7, 8, 9, 10]          -> []
    [10, 9, 8, 7, 6, 5, 4, 3, 2, 1]          -> []
    [2, 4, 6, 8, 10]                         -> []
    [1, 3, 5, 7, 9]                          -> []
    [5, 1, 4, 2, 3]                          -> []
    [3, 94, 35, 31]                          -> []
    [17, 94, 13, 86, 94, 69]                 -> []
    [75, 54, 4, 3]                           -> []
    [27, 29, 64, 77]                         -> []
    [71, 25, 91]                             -> []
    [28, 57, 75, 35, 0, 97, 20, 89, 54]      -> []
    [35, 19, 27, 97, 43, 13, 11, 48]         -> []
    [45, 44, 77, 33]                         -> []
    [93, 58, 68]                             -> []
    [48, 10, 70, 37]                         -> []

Program 25 (original #27):
  Variability: 0.038 █
  Type checks: ✓ | Compiles: ✓ | Uses input: ✓ | Size: 13 nodes
  Program: (λ (x) (flatten (zip (droplast 10 x) (drop 3 x))))
  Behavior (27 test cases):
    []                                       -> []
    [0]                                      -> []
    [5]                                      -> []
    [1, 2, 3]                                -> []
    [10, 20, 30]                             -> []
    [0, 0, 0]                                -> []
    [99, 50, 1]                              -> []
    [1, 2, 3, 4, 5]                          -> []
    [5, 4, 3, 2, 1]                          -> []
    [1, 1, 2, 2, 3, 3]                       -> []
    [7, 7, 7]                                -> []
    [70, 80, 90]                             -> []
    [1, 2, 3, 4, 5, 6, 7, 8, 9, 10]          -> []
    [10, 9, 8, 7, 6, 5, 4, 3, 2, 1]          -> []
    [2, 4, 6, 8, 10]                         -> []
    [1, 3, 5, 7, 9]                          -> []
    [5, 1, 4, 2, 3]                          -> []
    [3, 94, 35, 31]                          -> []
    [17, 94, 13, 86, 94, 69]                 -> []
    [75, 54, 4, 3]                           -> []
    [27, 29, 64, 77]                         -> []
    [71, 25, 91]                             -> []
    [28, 57, 75, 35, 0, 97, 20, 89, 54]      -> []
    [35, 19, 27, 97, 43, 13, 11, 48]         -> []
    [45, 44, 77, 33]                         -> []
    [93, 58, 68]                             -> []
    [48, 10, 70, 37]                         -> []

Program 26 (original #29):
  Variability: 0.038 █
  Type checks: ✓ | Compiles: ✓ | Uses input: ✗ | Size: 15 nodes
  Program: (λ (x) (find (λ (y) (and true y)) (slice 69 1 (reverse []))))
  Behavior (27 test cases):
    []                                       -> []
    [0]                                      -> []
    [5]                                      -> []
    [1, 2, 3]                                -> []
    [10, 20, 30]                             -> []
    [0, 0, 0]                                -> []
    [99, 50, 1]                              -> []
    [1, 2, 3, 4, 5]                          -> []
    [5, 4, 3, 2, 1]                          -> []
    [1, 1, 2, 2, 3, 3]                       -> []
    [7, 7, 7]                                -> []
    [70, 80, 90]                             -> []
    [1, 2, 3, 4, 5, 6, 7, 8, 9, 10]          -> []
    [10, 9, 8, 7, 6, 5, 4, 3, 2, 1]          -> []
    [2, 4, 6, 8, 10]                         -> []
    [1, 3, 5, 7, 9]                          -> []
    [5, 1, 4, 2, 3]                          -> []
    [3, 94, 35, 31]                          -> []
    [17, 94, 13, 86, 94, 69]                 -> []
    [75, 54, 4, 3]                           -> []
    [27, 29, 64, 77]                         -> []
    [71, 25, 91]                             -> []
    [28, 57, 75, 35, 0, 97, 20, 89, 54]      -> []
    [35, 19, 27, 97, 43, 13, 11, 48]         -> []
    [45, 44, 77, 33]                         -> []
    [93, 58, 68]                             -> []
    [48, 10, 70, 37]                         -> []

Program 27 (original #2):
  Variability: 0.000 
  Type checks: ✓ | Compiles: ✓ | Uses input: ✗ | Size: 11 nodes
  Program: (λ (x) (cons 2 (cons 1 (cons 2 []))))
  Behavior (27 test cases):
    []                                       -> [2, 1, 2]
    [0]                                      -> [2, 1, 2]
    [5]                                      -> [2, 1, 2]
    [1, 2, 3]                                -> [2, 1, 2]
    [10, 20, 30]                             -> [2, 1, 2]
    [0, 0, 0]                                -> [2, 1, 2]
    [99, 50, 1]                              -> [2, 1, 2]
    [1, 2, 3, 4, 5]                          -> [2, 1, 2]
    [5, 4, 3, 2, 1]                          -> [2, 1, 2]
    [1, 1, 2, 2, 3, 3]                       -> [2, 1, 2]
    [7, 7, 7]                                -> [2, 1, 2]
    [70, 80, 90]                             -> [2, 1, 2]
    [1, 2, 3, 4, 5, 6, 7, 8, 9, 10]          -> [2, 1, 2]
    [10, 9, 8, 7, 6, 5, 4, 3, 2, 1]          -> [2, 1, 2]
    [2, 4, 6, 8, 10]                         -> [2, 1, 2]
    [1, 3, 5, 7, 9]                          -> [2, 1, 2]
    [5, 1, 4, 2, 3]                          -> [2, 1, 2]
    [3, 94, 35, 31]                          -> [2, 1, 2]
    [17, 94, 13, 86, 94, 69]                 -> [2, 1, 2]
    [75, 54, 4, 3]                           -> [2, 1, 2]
    [27, 29, 64, 77]                         -> [2, 1, 2]
    [71, 25, 91]                             -> [2, 1, 2]
    [28, 57, 75, 35, 0, 97, 20, 89, 54]      -> [2, 1, 2]
    [35, 19, 27, 97, 43, 13, 11, 48]         -> [2, 1, 2]
    [45, 44, 77, 33]                         -> [2, 1, 2]
    [93, 58, 68]                             -> [2, 1, 2]
    [48, 10, 70, 37]                         -> [2, 1, 2]

Program 28 (original #10):
  Variability: 0.000 
  Type checks: ✓ | Compiles: ✓ | Uses input: ✓ | Size: 5 nodes
  Program: (λ (x) (takelast 38 x))
  Behavior (27 test cases):
    []                                       -> []
    [0]                                      -> [0]
    [5]                                      -> [5]
    [1, 2, 3]                                -> [1, 2, 3]
    [10, 20, 30]                             -> [10, 20, 30]
    [0, 0, 0]                                -> [0, 0, 0]
    [99, 50, 1]                              -> [99, 50, 1]
    [1, 2, 3, 4, 5]                          -> [1, 2, 3, 4, 5]
    [5, 4, 3, 2, 1]                          -> [5, 4, 3, 2, 1]
    [1, 1, 2, 2, 3, 3]                       -> [1, 1, 2, 2, 3, 3]
    [7, 7, 7]                                -> [7, 7, 7]
    [70, 80, 90]                             -> [70, 80, 90]
    [1, 2, 3, 4, 5, 6, 7, 8, 9, 10]          -> [1, 2, 3, 4, 5, 6, 7, 8, 9, 10]
    [10, 9, 8, 7, 6, 5, 4, 3, 2, 1]          -> [10, 9, 8, 7, 6, 5, 4, 3, 2, 1]
    [2, 4, 6, 8, 10]                         -> [2, 4, 6, 8, 10]
    [1, 3, 5, 7, 9]                          -> [1, 3, 5, 7, 9]
    [5, 1, 4, 2, 3]                          -> [5, 1, 4, 2, 3]
    [3, 94, 35, 31]                          -> [3, 94, 35, 31]
    [17, 94, 13, 86, 94, 69]                 -> [17, 94, 13, 86, 94, 69]
    [75, 54, 4, 3]                           -> [75, 54, 4, 3]
    [27, 29, 64, 77]                         -> [27, 29, 64, 77]
    [71, 25, 91]                             -> [71, 25, 91]
    [28, 57, 75, 35, 0, 97, 20, 89, 54]      -> [28, 57, 75, 35, 0, 97, 20, 89, 54]
    [35, 19, 27, 97, 43, 13, 11, 48]         -> [35, 19, 27, 97, 43, 13, 11, 48]
    [45, 44, 77, 33]                         -> [45, 44, 77, 33]
    [93, 58, 68]                             -> [93, 58, 68]
    [48, 10, 70, 37]                         -> [48, 10, 70, 37]

Program 29 (original #19):
  Variability: 0.000 
  Type checks: ✓ | Compiles: ✓ | Uses input: ✓ | Size: 16 nodes
  Program: (λ (x) (if (second (append [] true)) x (range 1 42 (max x))))
  Behavior (27 test cases):
    []                                       -> ERROR: second: list too short
    [0]                                      -> ERROR: second: list too short
    [5]                                      -> ERROR: second: list too short
    [1, 2, 3]                                -> ERROR: second: list too short
    [10, 20, 30]                             -> ERROR: second: list too short
    [0, 0, 0]                                -> ERROR: second: list too short
    [99, 50, 1]                              -> ERROR: second: list too short
    [1, 2, 3, 4, 5]                          -> ERROR: second: list too short
    [5, 4, 3, 2, 1]                          -> ERROR: second: list too short
    [1, 1, 2, 2, 3, 3]                       -> ERROR: second: list too short
    [7, 7, 7]                                -> ERROR: second: list too short
    [70, 80, 90]                             -> ERROR: second: list too short
    [1, 2, 3, 4, 5, 6, 7, 8, 9, 10]          -> ERROR: second: list too short
    [10, 9, 8, 7, 6, 5, 4, 3, 2, 1]          -> ERROR: second: list too short
    [2, 4, 6, 8, 10]                         -> ERROR: second: list too short
    [1, 3, 5, 7, 9]                          -> ERROR: second: list too short
    [5, 1, 4, 2, 3]                          -> ERROR: second: list too short
    [3, 94, 35, 31]                          -> ERROR: second: list too short
    [17, 94, 13, 86, 94, 69]                 -> ERROR: second: list too short
    [75, 54, 4, 3]                           -> ERROR: second: list too short
    [27, 29, 64, 77]                         -> ERROR: second: list too short
    [71, 25, 91]                             -> ERROR: second: list too short
    [28, 57, 75, 35, 0, 97, 20, 89, 54]      -> ERROR: second: list too short
    [35, 19, 27, 97, 43, 13, 11, 48]         -> ERROR: second: list too short
    [45, 44, 77, 33]                         -> ERROR: second: list too short
    [93, 58, 68]                             -> ERROR: second: list too short
    [48, 10, 70, 37]                         -> ERROR: second: list too short

Program 30 (original #25):
  Variability: 0.000 
  Type checks: ✓ | Compiles: ✓ | Uses input: ✓ | Size: 6 nodes
  Program: (λ (x) (map (λ (y) y) x))
  Behavior (27 test cases):
    []                                       -> []
    [0]                                      -> [0]
    [5]                                      -> [5]
    [1, 2, 3]                                -> [1, 2, 3]
    [10, 20, 30]                             -> [10, 20, 30]
    [0, 0, 0]                                -> [0, 0, 0]
    [99, 50, 1]                              -> [99, 50, 1]
    [1, 2, 3, 4, 5]                          -> [1, 2, 3, 4, 5]
    [5, 4, 3, 2, 1]                          -> [5, 4, 3, 2, 1]
    [1, 1, 2, 2, 3, 3]                       -> [1, 1, 2, 2, 3, 3]
    [7, 7, 7]                                -> [7, 7, 7]
    [70, 80, 90]                             -> [70, 80, 90]
    [1, 2, 3, 4, 5, 6, 7, 8, 9, 10]          -> [1, 2, 3, 4, 5, 6, 7, 8, 9, 10]
    [10, 9, 8, 7, 6, 5, 4, 3, 2, 1]          -> [10, 9, 8, 7, 6, 5, 4, 3, 2, 1]
    [2, 4, 6, 8, 10]                         -> [2, 4, 6, 8, 10]
    [1, 3, 5, 7, 9]                          -> [1, 3, 5, 7, 9]
    [5, 1, 4, 2, 3]                          -> [5, 1, 4, 2, 3]
    [3, 94, 35, 31]                          -> [3, 94, 35, 31]
    [17, 94, 13, 86, 94, 69]                 -> [17, 94, 13, 86, 94, 69]
    [75, 54, 4, 3]                           -> [75, 54, 4, 3]
    [27, 29, 64, 77]                         -> [27, 29, 64, 77]
    [71, 25, 91]                             -> [71, 25, 91]
    [28, 57, 75, 35, 0, 97, 20, 89, 54]      -> [28, 57, 75, 35, 0, 97, 20, 89, 54]
    [35, 19, 27, 97, 43, 13, 11, 48]         -> [35, 19, 27, 97, 43, 13, 11, 48]
    [45, 44, 77, 33]                         -> [45, 44, 77, 33]
    [93, 58, 68]                             -> [93, 58, 68]
    [48, 10, 70, 37]                         -> [48, 10, 70, 37]

======================================================================
Summary:
  Total programs: 30
  Avg variability: 0.414
  Min variability: 0.000
  Max variability: 1.000
  High variability (>0.5): 11/30
======================================================================
