Setting up composers...
  Random seed: 42
  Target depth: 4
  Samples per composer: 30

======================================================================
Generating programs with template ordered by variability
======================================================================

Program 1 (original #1):
  Variability: 1.000 ████████████████████████████████████████
  Type checks: ✓ | Compiles: ✓ | Uses input: ✓ | Size: 5 nodes
  Program: (λ (x) (cons 94 x))
  Behavior (27 test cases):
    []                                       -> [94]
    [0]                                      -> [94, 0]
    [5]                                      -> [94, 5]
    [1, 2, 3]                                -> [94, 1, 2, 3]
    [10, 20, 30]                             -> [94, 10, 20, 30]
    [0, 0, 0]                                -> [94, 0, 0, 0]
    [99, 50, 1]                              -> [94, 99, 50, 1]
    [1, 2, 3, 4, 5]                          -> [94, 1, 2, 3, 4, 5]
    [5, 4, 3, 2, 1]                          -> [94, 5, 4, 3, 2, 1]
    [1, 1, 2, 2, 3, 3]                       -> [94, 1, 1, 2, 2, 3, 3]
    [7, 7, 7]                                -> [94, 7, 7, 7]
    [70, 80, 90]                             -> [94, 70, 80, 90]
    [1, 2, 3, 4, 5, 6, 7, 8, 9, 10]          -> [94, 1, 2, 3, 4, 5, 6, 7, 8, 9, 10]
    [10, 9, 8, 7, 6, 5, 4, 3, 2, 1]          -> [94, 10, 9, 8, 7, 6, 5, 4, 3, 2, 1]
    [2, 4, 6, 8, 10]                         -> [94, 2, 4, 6, 8, 10]
    [1, 3, 5, 7, 9]                          -> [94, 1, 3, 5, 7, 9]
    [5, 1, 4, 2, 3]                          -> [94, 5, 1, 4, 2, 3]
    [3, 94, 35, 31]                          -> [94, 3, 94, 35, 31]
    [17, 94, 13, 86, 94, 69]                 -> [94, 17, 94, 13, 86, 94, 69]
    [75, 54, 4, 3]                           -> [94, 75, 54, 4, 3]
    [27, 29, 64, 77]                         -> [94, 27, 29, 64, 77]
    [71, 25, 91]                             -> [94, 71, 25, 91]
    [28, 57, 75, 35, 0, 97, 20, 89, 54]      -> [94, 28, 57, 75, 35, 0, 97, 20, 89, 54]
    [35, 19, 27, 97, 43, 13, 11, 48]         -> [94, 35, 19, 27, 97, 43, 13, 11, 48]
    [45, 44, 77, 33]                         -> [94, 45, 44, 77, 33]
    [93, 58, 68]                             -> [94, 93, 58, 68]
    [48, 10, 70, 37]                         -> [94, 48, 10, 70, 37]

Program 2 (original #6):
  Variability: 1.000 ████████████████████████████████████████
  Type checks: ✓ | Compiles: ✓ | Uses input: ✓ | Size: 7 nodes
  Program: (λ (x) (append x (first x)))
  Behavior (27 test cases):
    []                                       -> ERROR: first: empty list
    [0]                                      -> [0, 0]
    [5]                                      -> [5, 5]
    [1, 2, 3]                                -> [1, 2, 3, 1]
    [10, 20, 30]                             -> [10, 20, 30, 10]
    [0, 0, 0]                                -> [0, 0, 0, 0]
    [99, 50, 1]                              -> [99, 50, 1, 99]
    [1, 2, 3, 4, 5]                          -> [1, 2, 3, 4, 5, 1]
    [5, 4, 3, 2, 1]                          -> [5, 4, 3, 2, 1, 5]
    [1, 1, 2, 2, 3, 3]                       -> [1, 1, 2, 2, 3, 3, 1]
    [7, 7, 7]                                -> [7, 7, 7, 7]
    [70, 80, 90]                             -> [70, 80, 90, 70]
    [1, 2, 3, 4, 5, 6, 7, 8, 9, 10]          -> [1, 2, 3, 4, 5, 6, 7, 8, 9, 10, 1]
    [10, 9, 8, 7, 6, 5, 4, 3, 2, 1]          -> [10, 9, 8, 7, 6, 5, 4, 3, 2, 1, 10]
    [2, 4, 6, 8, 10]                         -> [2, 4, 6, 8, 10, 2]
    [1, 3, 5, 7, 9]                          -> [1, 3, 5, 7, 9, 1]
    [5, 1, 4, 2, 3]                          -> [5, 1, 4, 2, 3, 5]
    [3, 94, 35, 31]                          -> [3, 94, 35, 31, 3]
    [17, 94, 13, 86, 94, 69]                 -> [17, 94, 13, 86, 94, 69, 17]
    [75, 54, 4, 3]                           -> [75, 54, 4, 3, 75]
    [27, 29, 64, 77]                         -> [27, 29, 64, 77, 27]
    [71, 25, 91]                             -> [71, 25, 91, 71]
    [28, 57, 75, 35, 0, 97, 20, 89, 54]      -> [28, 57, 75, 35, 0, 97, 20, 89, 54, 28]
    [35, 19, 27, 97, 43, 13, 11, 48]         -> [35, 19, 27, 97, 43, 13, 11, 48, 35]
    [45, 44, 77, 33]                         -> [45, 44, 77, 33, 45]
    [93, 58, 68]                             -> [93, 58, 68, 93]
    [48, 10, 70, 37]                         -> [48, 10, 70, 37, 48]

Program 3 (original #9):
  Variability: 1.000 ████████████████████████████████████████
  Type checks: ✓ | Compiles: ✓ | Uses input: ✓ | Size: 7 nodes
  Program: (λ (x) (append x (first x)))
  Behavior (27 test cases):
    []                                       -> ERROR: first: empty list
    [0]                                      -> [0, 0]
    [5]                                      -> [5, 5]
    [1, 2, 3]                                -> [1, 2, 3, 1]
    [10, 20, 30]                             -> [10, 20, 30, 10]
    [0, 0, 0]                                -> [0, 0, 0, 0]
    [99, 50, 1]                              -> [99, 50, 1, 99]
    [1, 2, 3, 4, 5]                          -> [1, 2, 3, 4, 5, 1]
    [5, 4, 3, 2, 1]                          -> [5, 4, 3, 2, 1, 5]
    [1, 1, 2, 2, 3, 3]                       -> [1, 1, 2, 2, 3, 3, 1]
    [7, 7, 7]                                -> [7, 7, 7, 7]
    [70, 80, 90]                             -> [70, 80, 90, 70]
    [1, 2, 3, 4, 5, 6, 7, 8, 9, 10]          -> [1, 2, 3, 4, 5, 6, 7, 8, 9, 10, 1]
    [10, 9, 8, 7, 6, 5, 4, 3, 2, 1]          -> [10, 9, 8, 7, 6, 5, 4, 3, 2, 1, 10]
    [2, 4, 6, 8, 10]                         -> [2, 4, 6, 8, 10, 2]
    [1, 3, 5, 7, 9]                          -> [1, 3, 5, 7, 9, 1]
    [5, 1, 4, 2, 3]                          -> [5, 1, 4, 2, 3, 5]
    [3, 94, 35, 31]                          -> [3, 94, 35, 31, 3]
    [17, 94, 13, 86, 94, 69]                 -> [17, 94, 13, 86, 94, 69, 17]
    [75, 54, 4, 3]                           -> [75, 54, 4, 3, 75]
    [27, 29, 64, 77]                         -> [27, 29, 64, 77, 27]
    [71, 25, 91]                             -> [71, 25, 91, 71]
    [28, 57, 75, 35, 0, 97, 20, 89, 54]      -> [28, 57, 75, 35, 0, 97, 20, 89, 54, 28]
    [35, 19, 27, 97, 43, 13, 11, 48]         -> [35, 19, 27, 97, 43, 13, 11, 48, 35]
    [45, 44, 77, 33]                         -> [45, 44, 77, 33, 45]
    [93, 58, 68]                             -> [93, 58, 68, 93]
    [48, 10, 70, 37]                         -> [48, 10, 70, 37, 48]

Program 4 (original #10):
  Variability: 1.000 ████████████████████████████████████████
  Type checks: ✓ | Compiles: ✓ | Uses input: ✓ | Size: 7 nodes
  Program: (λ (x) (zip x (reverse x)))
  Behavior (27 test cases):
    []                                       -> []
    [0]                                      -> [[0, 0]]
    [5]                                      -> [[5, 5]]
    [1, 2, 3]                                -> [[1, 3], [2, 2], [3, 1]]
    [10, 20, 30]                             -> [[10, 30], [20, 20], [30, 10]]
    [0, 0, 0]                                -> [[0, 0], [0, 0], [0, 0]]
    [99, 50, 1]                              -> [[99, 1], [50, 50], [1, 99]]
    [1, 2, 3, 4, 5]                          -> [[1, 5], [2, 4], [3, 3], [4, 2], [5, 1]]
    [5, 4, 3, 2, 1]                          -> [[5, 1], [4, 2], [3, 3], [2, 4], [1, 5]]
    [1, 1, 2, 2, 3, 3]                       -> [[1, 3], [1, 3], [2, 2], [2, 2], [3, 1], [3, 1]]
    [7, 7, 7]                                -> [[7, 7], [7, 7], [7, 7]]
    [70, 80, 90]                             -> [[70, 90], [80, 80], [90, 70]]
    [1, 2, 3, 4, 5, 6, 7, 8, 9, 10]          -> [[1, 10], [2, 9], [3, 8], [4, 7], [5, 6], [6, 5], [7, 4], [8, 3], [9, 2], [10, 1]]
    [10, 9, 8, 7, 6, 5, 4, 3, 2, 1]          -> [[10, 1], [9, 2], [8, 3], [7, 4], [6, 5], [5, 6], [4, 7], [3, 8], [2, 9], [1, 10]]
    [2, 4, 6, 8, 10]                         -> [[2, 10], [4, 8], [6, 6], [8, 4], [10, 2]]
    [1, 3, 5, 7, 9]                          -> [[1, 9], [3, 7], [5, 5], [7, 3], [9, 1]]
    [5, 1, 4, 2, 3]                          -> [[5, 3], [1, 2], [4, 4], [2, 1], [3, 5]]
    [3, 94, 35, 31]                          -> [[3, 31], [94, 35], [35, 94], [31, 3]]
    [17, 94, 13, 86, 94, 69]                 -> [[17, 69], [94, 94], [13, 86], [86, 13], [94, 94], [69, 17]]
    [75, 54, 4, 3]                           -> [[75, 3], [54, 4], [4, 54], [3, 75]]
    [27, 29, 64, 77]                         -> [[27, 77], [29, 64], [64, 29], [77, 27]]
    [71, 25, 91]                             -> [[71, 91], [25, 25], [91, 71]]
    [28, 57, 75, 35, 0, 97, 20, 89, 54]      -> [[28, 54], [57, 89], [75, 20], [35, 97], [0, 0], [97, 35], [20, 75], [89, 57], [54, 28]]
    [35, 19, 27, 97, 43, 13, 11, 48]         -> [[35, 48], [19, 11], [27, 13], [97, 43], [43, 97], [13, 27], [11, 19], [48, 35]]
    [45, 44, 77, 33]                         -> [[45, 33], [44, 77], [77, 44], [33, 45]]
    [93, 58, 68]                             -> [[93, 68], [58, 58], [68, 93]]
    [48, 10, 70, 37]                         -> [[48, 37], [10, 70], [70, 10], [37, 48]]

Program 5 (original #12):
  Variability: 1.000 ████████████████████████████████████████
  Type checks: ✓ | Compiles: ✓ | Uses input: ✓ | Size: 5 nodes
  Program: (λ (x) (concat x x))
  Behavior (27 test cases):
    []                                       -> []
    [0]                                      -> [0, 0]
    [5]                                      -> [5, 5]
    [1, 2, 3]                                -> [1, 2, 3, 1, 2, 3]
    [10, 20, 30]                             -> [10, 20, 30, 10, 20, 30]
    [0, 0, 0]                                -> [0, 0, 0, 0, 0, 0]
    [99, 50, 1]                              -> [99, 50, 1, 99, 50, 1]
    [1, 2, 3, 4, 5]                          -> [1, 2, 3, 4, 5, 1, 2, 3, 4, 5]
    [5, 4, 3, 2, 1]                          -> [5, 4, 3, 2, 1, 5, 4, 3, 2, 1]
    [1, 1, 2, 2, 3, 3]                       -> [1, 1, 2, 2, 3, 3, 1, 1, 2, 2, 3, 3]
    [7, 7, 7]                                -> [7, 7, 7, 7, 7, 7]
    [70, 80, 90]                             -> [70, 80, 90, 70, 80, 90]
    [1, 2, 3, 4, 5, 6, 7, 8, 9, 10]          -> [1, 2, 3, 4, 5, 6, 7, 8, 9, 10, 1, 2, 3, 4, 5, 6, 7, 8, 9, 10]
    [10, 9, 8, 7, 6, 5, 4, 3, 2, 1]          -> [10, 9, 8, 7, 6, 5, 4, 3, 2, 1, 10, 9, 8, 7, 6, 5, 4, 3, 2, 1]
    [2, 4, 6, 8, 10]                         -> [2, 4, 6, 8, 10, 2, 4, 6, 8, 10]
    [1, 3, 5, 7, 9]                          -> [1, 3, 5, 7, 9, 1, 3, 5, 7, 9]
    [5, 1, 4, 2, 3]                          -> [5, 1, 4, 2, 3, 5, 1, 4, 2, 3]
    [3, 94, 35, 31]                          -> [3, 94, 35, 31, 3, 94, 35, 31]
    [17, 94, 13, 86, 94, 69]                 -> [17, 94, 13, 86, 94, 69, 17, 94, 13, 86, 94, 69]
    [75, 54, 4, 3]                           -> [75, 54, 4, 3, 75, 54, 4, 3]
    [27, 29, 64, 77]                         -> [27, 29, 64, 77, 27, 29, 64, 77]
    [71, 25, 91]                             -> [71, 25, 91, 71, 25, 91]
    [28, 57, 75, 35, 0, 97, 20, 89, 54]      -> [28, 57, 75, 35, 0, 97, 20, 89, 54, 28, 57, 75, 35, 0, 97, 20, 89, 54]
    [35, 19, 27, 97, 43, 13, 11, 48]         -> [35, 19, 27, 97, 43, 13, 11, 48, 35, 19, 27, 97, 43, 13, 11, 48]
    [45, 44, 77, 33]                         -> [45, 44, 77, 33, 45, 44, 77, 33]
    [93, 58, 68]                             -> [93, 58, 68, 93, 58, 68]
    [48, 10, 70, 37]                         -> [48, 10, 70, 37, 48, 10, 70, 37]

Program 6 (original #14):
  Variability: 1.000 ████████████████████████████████████████
  Type checks: ✓ | Compiles: ✓ | Uses input: ✓ | Size: 5 nodes
  Program: (λ (x) (cons 77 x))
  Behavior (27 test cases):
    []                                       -> [77]
    [0]                                      -> [77, 0]
    [5]                                      -> [77, 5]
    [1, 2, 3]                                -> [77, 1, 2, 3]
    [10, 20, 30]                             -> [77, 10, 20, 30]
    [0, 0, 0]                                -> [77, 0, 0, 0]
    [99, 50, 1]                              -> [77, 99, 50, 1]
    [1, 2, 3, 4, 5]                          -> [77, 1, 2, 3, 4, 5]
    [5, 4, 3, 2, 1]                          -> [77, 5, 4, 3, 2, 1]
    [1, 1, 2, 2, 3, 3]                       -> [77, 1, 1, 2, 2, 3, 3]
    [7, 7, 7]                                -> [77, 7, 7, 7]
    [70, 80, 90]                             -> [77, 70, 80, 90]
    [1, 2, 3, 4, 5, 6, 7, 8, 9, 10]          -> [77, 1, 2, 3, 4, 5, 6, 7, 8, 9, 10]
    [10, 9, 8, 7, 6, 5, 4, 3, 2, 1]          -> [77, 10, 9, 8, 7, 6, 5, 4, 3, 2, 1]
    [2, 4, 6, 8, 10]                         -> [77, 2, 4, 6, 8, 10]
    [1, 3, 5, 7, 9]                          -> [77, 1, 3, 5, 7, 9]
    [5, 1, 4, 2, 3]                          -> [77, 5, 1, 4, 2, 3]
    [3, 94, 35, 31]                          -> [77, 3, 94, 35, 31]
    [17, 94, 13, 86, 94, 69]                 -> [77, 17, 94, 13, 86, 94, 69]
    [75, 54, 4, 3]                           -> [77, 75, 54, 4, 3]
    [27, 29, 64, 77]                         -> [77, 27, 29, 64, 77]
    [71, 25, 91]                             -> [77, 71, 25, 91]
    [28, 57, 75, 35, 0, 97, 20, 89, 54]      -> [77, 28, 57, 75, 35, 0, 97, 20, 89, 54]
    [35, 19, 27, 97, 43, 13, 11, 48]         -> [77, 35, 19, 27, 97, 43, 13, 11, 48]
    [45, 44, 77, 33]                         -> [77, 45, 44, 77, 33]
    [93, 58, 68]                             -> [77, 93, 58, 68]
    [48, 10, 70, 37]                         -> [77, 48, 10, 70, 37]

Program 7 (original #16):
  Variability: 1.000 ████████████████████████████████████████
  Type checks: ✓ | Compiles: ✓ | Uses input: ✓ | Size: 7 nodes
  Program: (λ (x) (cons (first x) x))
  Behavior (27 test cases):
    []                                       -> ERROR: first: empty list
    [0]                                      -> [0, 0]
    [5]                                      -> [5, 5]
    [1, 2, 3]                                -> [1, 1, 2, 3]
    [10, 20, 30]                             -> [10, 10, 20, 30]
    [0, 0, 0]                                -> [0, 0, 0, 0]
    [99, 50, 1]                              -> [99, 99, 50, 1]
    [1, 2, 3, 4, 5]                          -> [1, 1, 2, 3, 4, 5]
    [5, 4, 3, 2, 1]                          -> [5, 5, 4, 3, 2, 1]
    [1, 1, 2, 2, 3, 3]                       -> [1, 1, 1, 2, 2, 3, 3]
    [7, 7, 7]                                -> [7, 7, 7, 7]
    [70, 80, 90]                             -> [70, 70, 80, 90]
    [1, 2, 3, 4, 5, 6, 7, 8, 9, 10]          -> [1, 1, 2, 3, 4, 5, 6, 7, 8, 9, 10]
    [10, 9, 8, 7, 6, 5, 4, 3, 2, 1]          -> [10, 10, 9, 8, 7, 6, 5, 4, 3, 2, 1]
    [2, 4, 6, 8, 10]                         -> [2, 2, 4, 6, 8, 10]
    [1, 3, 5, 7, 9]                          -> [1, 1, 3, 5, 7, 9]
    [5, 1, 4, 2, 3]                          -> [5, 5, 1, 4, 2, 3]
    [3, 94, 35, 31]                          -> [3, 3, 94, 35, 31]
    [17, 94, 13, 86, 94, 69]                 -> [17, 17, 94, 13, 86, 94, 69]
    [75, 54, 4, 3]                           -> [75, 75, 54, 4, 3]
    [27, 29, 64, 77]                         -> [27, 27, 29, 64, 77]
    [71, 25, 91]                             -> [71, 71, 25, 91]
    [28, 57, 75, 35, 0, 97, 20, 89, 54]      -> [28, 28, 57, 75, 35, 0, 97, 20, 89, 54]
    [35, 19, 27, 97, 43, 13, 11, 48]         -> [35, 35, 19, 27, 97, 43, 13, 11, 48]
    [45, 44, 77, 33]                         -> [45, 45, 44, 77, 33]
    [93, 58, 68]                             -> [93, 93, 58, 68]
    [48, 10, 70, 37]                         -> [48, 48, 10, 70, 37]

Program 8 (original #18):
  Variability: 1.000 ████████████████████████████████████████
  Type checks: ✓ | Compiles: ✓ | Uses input: ✓ | Size: 5 nodes
  Program: (λ (x) (cons 29 x))
  Behavior (27 test cases):
    []                                       -> [29]
    [0]                                      -> [29, 0]
    [5]                                      -> [29, 5]
    [1, 2, 3]                                -> [29, 1, 2, 3]
    [10, 20, 30]                             -> [29, 10, 20, 30]
    [0, 0, 0]                                -> [29, 0, 0, 0]
    [99, 50, 1]                              -> [29, 99, 50, 1]
    [1, 2, 3, 4, 5]                          -> [29, 1, 2, 3, 4, 5]
    [5, 4, 3, 2, 1]                          -> [29, 5, 4, 3, 2, 1]
    [1, 1, 2, 2, 3, 3]                       -> [29, 1, 1, 2, 2, 3, 3]
    [7, 7, 7]                                -> [29, 7, 7, 7]
    [70, 80, 90]                             -> [29, 70, 80, 90]
    [1, 2, 3, 4, 5, 6, 7, 8, 9, 10]          -> [29, 1, 2, 3, 4, 5, 6, 7, 8, 9, 10]
    [10, 9, 8, 7, 6, 5, 4, 3, 2, 1]          -> [29, 10, 9, 8, 7, 6, 5, 4, 3, 2, 1]
    [2, 4, 6, 8, 10]                         -> [29, 2, 4, 6, 8, 10]
    [1, 3, 5, 7, 9]                          -> [29, 1, 3, 5, 7, 9]
    [5, 1, 4, 2, 3]                          -> [29, 5, 1, 4, 2, 3]
    [3, 94, 35, 31]                          -> [29, 3, 94, 35, 31]
    [17, 94, 13, 86, 94, 69]                 -> [29, 17, 94, 13, 86, 94, 69]
    [75, 54, 4, 3]                           -> [29, 75, 54, 4, 3]
    [27, 29, 64, 77]                         -> [29, 27, 29, 64, 77]
    [71, 25, 91]                             -> [29, 71, 25, 91]
    [28, 57, 75, 35, 0, 97, 20, 89, 54]      -> [29, 28, 57, 75, 35, 0, 97, 20, 89, 54]
    [35, 19, 27, 97, 43, 13, 11, 48]         -> [29, 35, 19, 27, 97, 43, 13, 11, 48]
    [45, 44, 77, 33]                         -> [29, 45, 44, 77, 33]
    [93, 58, 68]                             -> [29, 93, 58, 68]
    [48, 10, 70, 37]                         -> [29, 48, 10, 70, 37]

Program 9 (original #21):
  Variability: 1.000 ████████████████████████████████████████
  Type checks: ✓ | Compiles: ✓ | Uses input: ✓ | Size: 8 nodes
  Program: (λ (x) (splice (singleton 91) 2 x))
  Behavior (27 test cases):
    []                                       -> [91]
    [0]                                      -> [0, 91]
    [5]                                      -> [5, 91]
    [1, 2, 3]                                -> [1, 2, 91, 3]
    [10, 20, 30]                             -> [10, 20, 91, 30]
    [0, 0, 0]                                -> [0, 0, 91, 0]
    [99, 50, 1]                              -> [99, 50, 91, 1]
    [1, 2, 3, 4, 5]                          -> [1, 2, 91, 3, 4, 5]
    [5, 4, 3, 2, 1]                          -> [5, 4, 91, 3, 2, 1]
    [1, 1, 2, 2, 3, 3]                       -> [1, 1, 91, 2, 2, 3, 3]
    [7, 7, 7]                                -> [7, 7, 91, 7]
    [70, 80, 90]                             -> [70, 80, 91, 90]
    [1, 2, 3, 4, 5, 6, 7, 8, 9, 10]          -> [1, 2, 91, 3, 4, 5, 6, 7, 8, 9, 10]
    [10, 9, 8, 7, 6, 5, 4, 3, 2, 1]          -> [10, 9, 91, 8, 7, 6, 5, 4, 3, 2, 1]
    [2, 4, 6, 8, 10]                         -> [2, 4, 91, 6, 8, 10]
    [1, 3, 5, 7, 9]                          -> [1, 3, 91, 5, 7, 9]
    [5, 1, 4, 2, 3]                          -> [5, 1, 91, 4, 2, 3]
    [3, 94, 35, 31]                          -> [3, 94, 91, 35, 31]
    [17, 94, 13, 86, 94, 69]                 -> [17, 94, 91, 13, 86, 94, 69]
    [75, 54, 4, 3]                           -> [75, 54, 91, 4, 3]
    [27, 29, 64, 77]                         -> [27, 29, 91, 64, 77]
    [71, 25, 91]                             -> [71, 25, 91, 91]
    [28, 57, 75, 35, 0, 97, 20, 89, 54]      -> [28, 57, 91, 75, 35, 0, 97, 20, 89, 54]
    [35, 19, 27, 97, 43, 13, 11, 48]         -> [35, 19, 91, 27, 97, 43, 13, 11, 48]
    [45, 44, 77, 33]                         -> [45, 44, 91, 77, 33]
    [93, 58, 68]                             -> [93, 58, 91, 68]
    [48, 10, 70, 37]                         -> [48, 10, 91, 70, 37]

Program 10 (original #30):
  Variability: 1.000 ████████████████████████████████████████
  Type checks: ✓ | Compiles: ✓ | Uses input: ✓ | Size: 5 nodes
  Program: (λ (x) (concat x x))
  Behavior (27 test cases):
    []                                       -> []
    [0]                                      -> [0, 0]
    [5]                                      -> [5, 5]
    [1, 2, 3]                                -> [1, 2, 3, 1, 2, 3]
    [10, 20, 30]                             -> [10, 20, 30, 10, 20, 30]
    [0, 0, 0]                                -> [0, 0, 0, 0, 0, 0]
    [99, 50, 1]                              -> [99, 50, 1, 99, 50, 1]
    [1, 2, 3, 4, 5]                          -> [1, 2, 3, 4, 5, 1, 2, 3, 4, 5]
    [5, 4, 3, 2, 1]                          -> [5, 4, 3, 2, 1, 5, 4, 3, 2, 1]
    [1, 1, 2, 2, 3, 3]                       -> [1, 1, 2, 2, 3, 3, 1, 1, 2, 2, 3, 3]
    [7, 7, 7]                                -> [7, 7, 7, 7, 7, 7]
    [70, 80, 90]                             -> [70, 80, 90, 70, 80, 90]
    [1, 2, 3, 4, 5, 6, 7, 8, 9, 10]          -> [1, 2, 3, 4, 5, 6, 7, 8, 9, 10, 1, 2, 3, 4, 5, 6, 7, 8, 9, 10]
    [10, 9, 8, 7, 6, 5, 4, 3, 2, 1]          -> [10, 9, 8, 7, 6, 5, 4, 3, 2, 1, 10, 9, 8, 7, 6, 5, 4, 3, 2, 1]
    [2, 4, 6, 8, 10]                         -> [2, 4, 6, 8, 10, 2, 4, 6, 8, 10]
    [1, 3, 5, 7, 9]                          -> [1, 3, 5, 7, 9, 1, 3, 5, 7, 9]
    [5, 1, 4, 2, 3]                          -> [5, 1, 4, 2, 3, 5, 1, 4, 2, 3]
    [3, 94, 35, 31]                          -> [3, 94, 35, 31, 3, 94, 35, 31]
    [17, 94, 13, 86, 94, 69]                 -> [17, 94, 13, 86, 94, 69, 17, 94, 13, 86, 94, 69]
    [75, 54, 4, 3]                           -> [75, 54, 4, 3, 75, 54, 4, 3]
    [27, 29, 64, 77]                         -> [27, 29, 64, 77, 27, 29, 64, 77]
    [71, 25, 91]                             -> [71, 25, 91, 71, 25, 91]
    [28, 57, 75, 35, 0, 97, 20, 89, 54]      -> [28, 57, 75, 35, 0, 97, 20, 89, 54, 28, 57, 75, 35, 0, 97, 20, 89, 54]
    [35, 19, 27, 97, 43, 13, 11, 48]         -> [35, 19, 27, 97, 43, 13, 11, 48, 35, 19, 27, 97, 43, 13, 11, 48]
    [45, 44, 77, 33]                         -> [45, 44, 77, 33, 45, 44, 77, 33]
    [93, 58, 68]                             -> [93, 58, 68, 93, 58, 68]
    [48, 10, 70, 37]                         -> [48, 10, 70, 37, 48, 10, 70, 37]

Program 11 (original #7):
  Variability: 0.962 ██████████████████████████████████████
  Type checks: ✓ | Compiles: ✓ | Uses input: ✓ | Size: 15 nodes
  Program: (λ (x) (filteri (λ (a b) (is_odd a)) (map (λ (y) (+ y 7)) x)))
  Behavior (27 test cases):
    []                                       -> []
    [0]                                      -> []
    [5]                                      -> []
    [1, 2, 3]                                -> [9]
    [10, 20, 30]                             -> [27]
    [0, 0, 0]                                -> [7]
    [99, 50, 1]                              -> [57]
    [1, 2, 3, 4, 5]                          -> [9, 11]
    [5, 4, 3, 2, 1]                          -> [11, 9]
    [1, 1, 2, 2, 3, 3]                       -> [8, 9, 10]
    [7, 7, 7]                                -> [14]
    [70, 80, 90]                             -> [87]
    [1, 2, 3, 4, 5, 6, 7, 8, 9, 10]          -> [9, 11, 13, 15, 17]
    [10, 9, 8, 7, 6, 5, 4, 3, 2, 1]          -> [16, 14, 12, 10, 8]
    [2, 4, 6, 8, 10]                         -> [11, 15]
    [1, 3, 5, 7, 9]                          -> [10, 14]
    [5, 1, 4, 2, 3]                          -> [8, 9]
    [3, 94, 35, 31]                          -> [101, 38]
    [17, 94, 13, 86, 94, 69]                 -> [101, 93, 76]
    [75, 54, 4, 3]                           -> [61, 10]
    [27, 29, 64, 77]                         -> [36, 84]
    [71, 25, 91]                             -> [32]
    [28, 57, 75, 35, 0, 97, 20, 89, 54]      -> [64, 42, 104, 96]
    [35, 19, 27, 97, 43, 13, 11, 48]         -> [26, 104, 20, 55]
    [45, 44, 77, 33]                         -> [51, 40]
    [93, 58, 68]                             -> [65]
    [48, 10, 70, 37]                         -> [17, 44]

Program 12 (original #2):
  Variability: 0.923 ████████████████████████████████████
  Type checks: ✓ | Compiles: ✓ | Uses input: ✓ | Size: 19 nodes
  Program: (λ (x) (filteri (λ (b c) (< (% c 2) 8)) (mapi (λ (y z) (* y 9)) x)))
  Behavior (27 test cases):
    []                                       -> []
    [0]                                      -> [0]
    [5]                                      -> [45]
    [1, 2, 3]                                -> [9, 18, 27]
    [10, 20, 30]                             -> [90, 180, 270]
    [0, 0, 0]                                -> [0, 0, 0]
    [99, 50, 1]                              -> [891, 450, 9]
    [1, 2, 3, 4, 5]                          -> [9, 18, 27, 36, 45]
    [5, 4, 3, 2, 1]                          -> [45, 36, 27, 18, 9]
    [1, 1, 2, 2, 3, 3]                       -> [9, 9, 18, 18, 27, 27]
    [7, 7, 7]                                -> [63, 63, 63]
    [70, 80, 90]                             -> [630, 720, 810]
    [1, 2, 3, 4, 5, 6, 7, 8, 9, 10]          -> [9, 18, 27, 36, 45, 54, 63, 72, 81, 90]
    [10, 9, 8, 7, 6, 5, 4, 3, 2, 1]          -> [90, 81, 72, 63, 54, 45, 36, 27, 18, 9]
    [2, 4, 6, 8, 10]                         -> [18, 36, 54, 72, 90]
    [1, 3, 5, 7, 9]                          -> [9, 27, 45, 63, 81]
    [5, 1, 4, 2, 3]                          -> [45, 9, 36, 18, 27]
    [3, 94, 35, 31]                          -> [27, 846, 315, 279]
    [17, 94, 13, 86, 94, 69]                 -> [153, 846, 117, 774, 846, 621]
    [75, 54, 4, 3]                           -> [675, 486, 36, 27]
    [27, 29, 64, 77]                         -> [243, 261, 576, 693]
    [71, 25, 91]                             -> [639, 225, 819]
    [28, 57, 75, 35, 0, 97, 20, 89, 54]      -> [252, 513, 675, 315, 0, 873, 180, 801, 486]
    [35, 19, 27, 97, 43, 13, 11, 48]         -> [315, 171, 243, 873, 387, 117, 99, 432]
    [45, 44, 77, 33]                         -> [405, 396, 693, 297]
    [93, 58, 68]                             -> [837, 522, 612]
    [48, 10, 70, 37]                         -> [432, 90, 630, 333]

Program 13 (original #11):
  Variability: 0.885 ███████████████████████████████████
  Type checks: ✓ | Compiles: ✓ | Uses input: ✓ | Size: 7 nodes
  Program: (λ (x) (cut_vals (first x) x))
  Behavior (27 test cases):
    []                                       -> ERROR: first: empty list
    [0]                                      -> []
    [5]                                      -> []
    [1, 2, 3]                                -> [2, 3]
    [10, 20, 30]                             -> [20, 30]
    [0, 0, 0]                                -> []
    [99, 50, 1]                              -> [50, 1]
    [1, 2, 3, 4, 5]                          -> [2, 3, 4, 5]
    [5, 4, 3, 2, 1]                          -> [4, 3, 2, 1]
    [1, 1, 2, 2, 3, 3]                       -> [2, 2, 3, 3]
    [7, 7, 7]                                -> []
    [70, 80, 90]                             -> [80, 90]
    [1, 2, 3, 4, 5, 6, 7, 8, 9, 10]          -> [2, 3, 4, 5, 6, 7, 8, 9, 10]
    [10, 9, 8, 7, 6, 5, 4, 3, 2, 1]          -> [9, 8, 7, 6, 5, 4, 3, 2, 1]
    [2, 4, 6, 8, 10]                         -> [4, 6, 8, 10]
    [1, 3, 5, 7, 9]                          -> [3, 5, 7, 9]
    [5, 1, 4, 2, 3]                          -> [1, 4, 2, 3]
    [3, 94, 35, 31]                          -> [94, 35, 31]
    [17, 94, 13, 86, 94, 69]                 -> [94, 13, 86, 94, 69]
    [75, 54, 4, 3]                           -> [54, 4, 3]
    [27, 29, 64, 77]                         -> [29, 64, 77]
    [71, 25, 91]                             -> [25, 91]
    [28, 57, 75, 35, 0, 97, 20, 89, 54]      -> [57, 75, 35, 0, 97, 20, 89, 54]
    [35, 19, 27, 97, 43, 13, 11, 48]         -> [19, 27, 97, 43, 13, 11, 48]
    [45, 44, 77, 33]                         -> [44, 77, 33]
    [93, 58, 68]                             -> [58, 68]
    [48, 10, 70, 37]                         -> [10, 70, 37]

Program 14 (original #25):
  Variability: 0.885 ███████████████████████████████████
  Type checks: ✓ | Compiles: ✓ | Uses input: ✓ | Size: 11 nodes
  Program: (λ (x) (reverse (map (λ (y) (% y 5)) x)))
  Behavior (27 test cases):
    []                                       -> []
    [0]                                      -> [0]
    [5]                                      -> [0]
    [1, 2, 3]                                -> [3, 2, 1]
    [10, 20, 30]                             -> [0, 0, 0]
    [0, 0, 0]                                -> [0, 0, 0]
    [99, 50, 1]                              -> [1, 0, 4]
    [1, 2, 3, 4, 5]                          -> [0, 4, 3, 2, 1]
    [5, 4, 3, 2, 1]                          -> [1, 2, 3, 4, 0]
    [1, 1, 2, 2, 3, 3]                       -> [3, 3, 2, 2, 1, 1]
    [7, 7, 7]                                -> [2, 2, 2]
    [70, 80, 90]                             -> [0, 0, 0]
    [1, 2, 3, 4, 5, 6, 7, 8, 9, 10]          -> [0, 4, 3, 2, 1, 0, 4, 3, 2, 1]
    [10, 9, 8, 7, 6, 5, 4, 3, 2, 1]          -> [1, 2, 3, 4, 0, 1, 2, 3, 4, 0]
    [2, 4, 6, 8, 10]                         -> [0, 3, 1, 4, 2]
    [1, 3, 5, 7, 9]                          -> [4, 2, 0, 3, 1]
    [5, 1, 4, 2, 3]                          -> [3, 2, 4, 1, 0]
    [3, 94, 35, 31]                          -> [1, 0, 4, 3]
    [17, 94, 13, 86, 94, 69]                 -> [4, 4, 1, 3, 4, 2]
    [75, 54, 4, 3]                           -> [3, 4, 4, 0]
    [27, 29, 64, 77]                         -> [2, 4, 4, 2]
    [71, 25, 91]                             -> [1, 0, 1]
    [28, 57, 75, 35, 0, 97, 20, 89, 54]      -> [4, 4, 0, 2, 0, 0, 0, 2, 3]
    [35, 19, 27, 97, 43, 13, 11, 48]         -> [3, 1, 3, 3, 2, 2, 4, 0]
    [45, 44, 77, 33]                         -> [3, 2, 4, 0]
    [93, 58, 68]                             -> [3, 3, 3]
    [48, 10, 70, 37]                         -> [2, 0, 0, 3]

Program 15 (original #3):
  Variability: 0.846 █████████████████████████████████
  Type checks: ✓ | Compiles: ✓ | Uses input: ✓ | Size: 10 nodes
  Program: (λ (x) (fold (λ (y z) (cons z y)) [] x))
  Behavior (27 test cases):
    []                                       -> []
    [0]                                      -> [0]
    [5]                                      -> [5]
    [1, 2, 3]                                -> [3, 2, 1]
    [10, 20, 30]                             -> [30, 20, 10]
    [0, 0, 0]                                -> [0, 0, 0]
    [99, 50, 1]                              -> [1, 50, 99]
    [1, 2, 3, 4, 5]                          -> [5, 4, 3, 2, 1]
    [5, 4, 3, 2, 1]                          -> [1, 2, 3, 4, 5]
    [1, 1, 2, 2, 3, 3]                       -> [3, 3, 2, 2, 1, 1]
    [7, 7, 7]                                -> [7, 7, 7]
    [70, 80, 90]                             -> [90, 80, 70]
    [1, 2, 3, 4, 5, 6, 7, 8, 9, 10]          -> [10, 9, 8, 7, 6, 5, 4, 3, 2, 1]
    [10, 9, 8, 7, 6, 5, 4, 3, 2, 1]          -> [1, 2, 3, 4, 5, 6, 7, 8, 9, 10]
    [2, 4, 6, 8, 10]                         -> [10, 8, 6, 4, 2]
    [1, 3, 5, 7, 9]                          -> [9, 7, 5, 3, 1]
    [5, 1, 4, 2, 3]                          -> [3, 2, 4, 1, 5]
    [3, 94, 35, 31]                          -> [31, 35, 94, 3]
    [17, 94, 13, 86, 94, 69]                 -> [69, 94, 86, 13, 94, 17]
    [75, 54, 4, 3]                           -> [3, 4, 54, 75]
    [27, 29, 64, 77]                         -> [77, 64, 29, 27]
    [71, 25, 91]                             -> [91, 25, 71]
    [28, 57, 75, 35, 0, 97, 20, 89, 54]      -> [54, 89, 20, 97, 0, 35, 75, 57, 28]
    [35, 19, 27, 97, 43, 13, 11, 48]         -> [48, 11, 13, 43, 97, 27, 19, 35]
    [45, 44, 77, 33]                         -> [33, 77, 44, 45]
    [93, 58, 68]                             -> [68, 58, 93]
    [48, 10, 70, 37]                         -> [37, 70, 10, 48]

Program 16 (original #22):
  Variability: 0.846 █████████████████████████████████
  Type checks: ✓ | Compiles: ✓ | Uses input: ✓ | Size: 10 nodes
  Program: (λ (x) (fold (λ (y z) (cons z y)) [] x))
  Behavior (27 test cases):
    []                                       -> []
    [0]                                      -> [0]
    [5]                                      -> [5]
    [1, 2, 3]                                -> [3, 2, 1]
    [10, 20, 30]                             -> [30, 20, 10]
    [0, 0, 0]                                -> [0, 0, 0]
    [99, 50, 1]                              -> [1, 50, 99]
    [1, 2, 3, 4, 5]                          -> [5, 4, 3, 2, 1]
    [5, 4, 3, 2, 1]                          -> [1, 2, 3, 4, 5]
    [1, 1, 2, 2, 3, 3]                       -> [3, 3, 2, 2, 1, 1]
    [7, 7, 7]                                -> [7, 7, 7]
    [70, 80, 90]                             -> [90, 80, 70]
    [1, 2, 3, 4, 5, 6, 7, 8, 9, 10]          -> [10, 9, 8, 7, 6, 5, 4, 3, 2, 1]
    [10, 9, 8, 7, 6, 5, 4, 3, 2, 1]          -> [1, 2, 3, 4, 5, 6, 7, 8, 9, 10]
    [2, 4, 6, 8, 10]                         -> [10, 8, 6, 4, 2]
    [1, 3, 5, 7, 9]                          -> [9, 7, 5, 3, 1]
    [5, 1, 4, 2, 3]                          -> [3, 2, 4, 1, 5]
    [3, 94, 35, 31]                          -> [31, 35, 94, 3]
    [17, 94, 13, 86, 94, 69]                 -> [69, 94, 86, 13, 94, 17]
    [75, 54, 4, 3]                           -> [3, 4, 54, 75]
    [27, 29, 64, 77]                         -> [77, 64, 29, 27]
    [71, 25, 91]                             -> [91, 25, 71]
    [28, 57, 75, 35, 0, 97, 20, 89, 54]      -> [54, 89, 20, 97, 0, 35, 75, 57, 28]
    [35, 19, 27, 97, 43, 13, 11, 48]         -> [48, 11, 13, 43, 97, 27, 19, 35]
    [45, 44, 77, 33]                         -> [33, 77, 44, 45]
    [93, 58, 68]                             -> [68, 58, 93]
    [48, 10, 70, 37]                         -> [37, 70, 10, 48]

Program 17 (original #15):
  Variability: 0.769 ██████████████████████████████
  Type checks: ✓ | Compiles: ✓ | Uses input: ✓ | Size: 9 nodes
  Program: (λ (x) (repeat (max x) (min x)))
  Behavior (27 test cases):
    []                                       -> ERROR: max: empty list
    [0]                                      -> []
    [5]                                      -> [5, 5, 5, 5, 5]
    [1, 2, 3]                                -> [3]
    [10, 20, 30]                             -> [30, 30, 30, 30, 30, 30, 30, 30, 30, 30]
    [0, 0, 0]                                -> []
    [99, 50, 1]                              -> [99]
    [1, 2, 3, 4, 5]                          -> [5]
    [5, 4, 3, 2, 1]                          -> [5]
    [1, 1, 2, 2, 3, 3]                       -> [3]
    [7, 7, 7]                                -> [7, 7, 7, 7, 7, 7, 7]
    [70, 80, 90]                             -> [90, 90, 90, 90, 90, 90, 90, 90, 90, 90, 90, 90, 90, 90, 90, 90, 90, 90, 90, 90, 90, 90, 90, 90, 90, 90, 90, 90, 90, 90, 90, 90, 90, 90, 90, 90, 90, 90, 90, 90, 90, 90, 90, 90, 90, 90, 90, 90, 90, 90, 90, 90, 90, 90, 90, 90, 90, 90, 90, 90, 90, 90, 90, 90, 90, 90, 90, 90, 90, 90]
    [1, 2, 3, 4, 5, 6, 7, 8, 9, 10]          -> [10]
    [10, 9, 8, 7, 6, 5, 4, 3, 2, 1]          -> [10]
    [2, 4, 6, 8, 10]                         -> [10, 10]
    [1, 3, 5, 7, 9]                          -> [9]
    [5, 1, 4, 2, 3]                          -> [5]
    [3, 94, 35, 31]                          -> [94, 94, 94]
    [17, 94, 13, 86, 94, 69]                 -> [94, 94, 94, 94, 94, 94, 94, 94, 94, 94, 94, 94, 94]
    [75, 54, 4, 3]                           -> [75, 75, 75]
    [27, 29, 64, 77]                         -> [77, 77, 77, 77, 77, 77, 77, 77, 77, 77, 77, 77, 77, 77, 77, 77, 77, 77, 77, 77, 77, 77, 77, 77, 77, 77, 77]
    [71, 25, 91]                             -> [91, 91, 91, 91, 91, 91, 91, 91, 91, 91, 91, 91, 91, 91, 91, 91, 91, 91, 91, 91, 91, 91, 91, 91, 91]
    [28, 57, 75, 35, 0, 97, 20, 89, 54]      -> []
    [35, 19, 27, 97, 43, 13, 11, 48]         -> [97, 97, 97, 97, 97, 97, 97, 97, 97, 97, 97]
    [45, 44, 77, 33]                         -> [77, 77, 77, 77, 77, 77, 77, 77, 77, 77, 77, 77, 77, 77, 77, 77, 77, 77, 77, 77, 77, 77, 77, 77, 77, 77, 77, 77, 77, 77, 77, 77, 77]
    [93, 58, 68]                             -> [93, 93, 93, 93, 93, 93, 93, 93, 93, 93, 93, 93, 93, 93, 93, 93, 93, 93, 93, 93, 93, 93, 93, 93, 93, 93, 93, 93, 93, 93, 93, 93, 93, 93, 93, 93, 93, 93, 93, 93, 93, 93, 93, 93, 93, 93, 93, 93, 93, 93, 93, 93, 93, 93, 93, 93, 93, 93]
    [48, 10, 70, 37]                         -> [70, 70, 70, 70, 70, 70, 70, 70, 70, 70]

Program 18 (original #19):
  Variability: 0.769 ██████████████████████████████
  Type checks: ✓ | Compiles: ✓ | Uses input: ✓ | Size: 9 nodes
  Program: (λ (x) (repeat (max x) (min x)))
  Behavior (27 test cases):
    []                                       -> ERROR: max: empty list
    [0]                                      -> []
    [5]                                      -> [5, 5, 5, 5, 5]
    [1, 2, 3]                                -> [3]
    [10, 20, 30]                             -> [30, 30, 30, 30, 30, 30, 30, 30, 30, 30]
    [0, 0, 0]                                -> []
    [99, 50, 1]                              -> [99]
    [1, 2, 3, 4, 5]                          -> [5]
    [5, 4, 3, 2, 1]                          -> [5]
    [1, 1, 2, 2, 3, 3]                       -> [3]
    [7, 7, 7]                                -> [7, 7, 7, 7, 7, 7, 7]
    [70, 80, 90]                             -> [90, 90, 90, 90, 90, 90, 90, 90, 90, 90, 90, 90, 90, 90, 90, 90, 90, 90, 90, 90, 90, 90, 90, 90, 90, 90, 90, 90, 90, 90, 90, 90, 90, 90, 90, 90, 90, 90, 90, 90, 90, 90, 90, 90, 90, 90, 90, 90, 90, 90, 90, 90, 90, 90, 90, 90, 90, 90, 90, 90, 90, 90, 90, 90, 90, 90, 90, 90, 90, 90]
    [1, 2, 3, 4, 5, 6, 7, 8, 9, 10]          -> [10]
    [10, 9, 8, 7, 6, 5, 4, 3, 2, 1]          -> [10]
    [2, 4, 6, 8, 10]                         -> [10, 10]
    [1, 3, 5, 7, 9]                          -> [9]
    [5, 1, 4, 2, 3]                          -> [5]
    [3, 94, 35, 31]                          -> [94, 94, 94]
    [17, 94, 13, 86, 94, 69]                 -> [94, 94, 94, 94, 94, 94, 94, 94, 94, 94, 94, 94, 94]
    [75, 54, 4, 3]                           -> [75, 75, 75]
    [27, 29, 64, 77]                         -> [77, 77, 77, 77, 77, 77, 77, 77, 77, 77, 77, 77, 77, 77, 77, 77, 77, 77, 77, 77, 77, 77, 77, 77, 77, 77, 77]
    [71, 25, 91]                             -> [91, 91, 91, 91, 91, 91, 91, 91, 91, 91, 91, 91, 91, 91, 91, 91, 91, 91, 91, 91, 91, 91, 91, 91, 91]
    [28, 57, 75, 35, 0, 97, 20, 89, 54]      -> []
    [35, 19, 27, 97, 43, 13, 11, 48]         -> [97, 97, 97, 97, 97, 97, 97, 97, 97, 97, 97]
    [45, 44, 77, 33]                         -> [77, 77, 77, 77, 77, 77, 77, 77, 77, 77, 77, 77, 77, 77, 77, 77, 77, 77, 77, 77, 77, 77, 77, 77, 77, 77, 77, 77, 77, 77, 77, 77, 77]
    [93, 58, 68]                             -> [93, 93, 93, 93, 93, 93, 93, 93, 93, 93, 93, 93, 93, 93, 93, 93, 93, 93, 93, 93, 93, 93, 93, 93, 93, 93, 93, 93, 93, 93, 93, 93, 93, 93, 93, 93, 93, 93, 93, 93, 93, 93, 93, 93, 93, 93, 93, 93, 93, 93, 93, 93, 93, 93, 93, 93, 93, 93]
    [48, 10, 70, 37]                         -> [70, 70, 70, 70, 70, 70, 70, 70, 70, 70]

Program 19 (original #24):
  Variability: 0.769 ██████████████████████████████
  Type checks: ✓ | Compiles: ✓ | Uses input: ✓ | Size: 9 nodes
  Program: (λ (x) (repeat (max x) (min x)))
  Behavior (27 test cases):
    []                                       -> ERROR: max: empty list
    [0]                                      -> []
    [5]                                      -> [5, 5, 5, 5, 5]
    [1, 2, 3]                                -> [3]
    [10, 20, 30]                             -> [30, 30, 30, 30, 30, 30, 30, 30, 30, 30]
    [0, 0, 0]                                -> []
    [99, 50, 1]                              -> [99]
    [1, 2, 3, 4, 5]                          -> [5]
    [5, 4, 3, 2, 1]                          -> [5]
    [1, 1, 2, 2, 3, 3]                       -> [3]
    [7, 7, 7]                                -> [7, 7, 7, 7, 7, 7, 7]
    [70, 80, 90]                             -> [90, 90, 90, 90, 90, 90, 90, 90, 90, 90, 90, 90, 90, 90, 90, 90, 90, 90, 90, 90, 90, 90, 90, 90, 90, 90, 90, 90, 90, 90, 90, 90, 90, 90, 90, 90, 90, 90, 90, 90, 90, 90, 90, 90, 90, 90, 90, 90, 90, 90, 90, 90, 90, 90, 90, 90, 90, 90, 90, 90, 90, 90, 90, 90, 90, 90, 90, 90, 90, 90]
    [1, 2, 3, 4, 5, 6, 7, 8, 9, 10]          -> [10]
    [10, 9, 8, 7, 6, 5, 4, 3, 2, 1]          -> [10]
    [2, 4, 6, 8, 10]                         -> [10, 10]
    [1, 3, 5, 7, 9]                          -> [9]
    [5, 1, 4, 2, 3]                          -> [5]
    [3, 94, 35, 31]                          -> [94, 94, 94]
    [17, 94, 13, 86, 94, 69]                 -> [94, 94, 94, 94, 94, 94, 94, 94, 94, 94, 94, 94, 94]
    [75, 54, 4, 3]                           -> [75, 75, 75]
    [27, 29, 64, 77]                         -> [77, 77, 77, 77, 77, 77, 77, 77, 77, 77, 77, 77, 77, 77, 77, 77, 77, 77, 77, 77, 77, 77, 77, 77, 77, 77, 77]
    [71, 25, 91]                             -> [91, 91, 91, 91, 91, 91, 91, 91, 91, 91, 91, 91, 91, 91, 91, 91, 91, 91, 91, 91, 91, 91, 91, 91, 91]
    [28, 57, 75, 35, 0, 97, 20, 89, 54]      -> []
    [35, 19, 27, 97, 43, 13, 11, 48]         -> [97, 97, 97, 97, 97, 97, 97, 97, 97, 97, 97]
    [45, 44, 77, 33]                         -> [77, 77, 77, 77, 77, 77, 77, 77, 77, 77, 77, 77, 77, 77, 77, 77, 77, 77, 77, 77, 77, 77, 77, 77, 77, 77, 77, 77, 77, 77, 77, 77, 77]
    [93, 58, 68]                             -> [93, 93, 93, 93, 93, 93, 93, 93, 93, 93, 93, 93, 93, 93, 93, 93, 93, 93, 93, 93, 93, 93, 93, 93, 93, 93, 93, 93, 93, 93, 93, 93, 93, 93, 93, 93, 93, 93, 93, 93, 93, 93, 93, 93, 93, 93, 93, 93, 93, 93, 93, 93, 93, 93, 93, 93, 93, 93]
    [48, 10, 70, 37]                         -> [70, 70, 70, 70, 70, 70, 70, 70, 70, 70]

Program 20 (original #29):
  Variability: 0.769 ██████████████████████████████
  Type checks: ✓ | Compiles: ✓ | Uses input: ✓ | Size: 9 nodes
  Program: (λ (x) (repeat (max x) (min x)))
  Behavior (27 test cases):
    []                                       -> ERROR: max: empty list
    [0]                                      -> []
    [5]                                      -> [5, 5, 5, 5, 5]
    [1, 2, 3]                                -> [3]
    [10, 20, 30]                             -> [30, 30, 30, 30, 30, 30, 30, 30, 30, 30]
    [0, 0, 0]                                -> []
    [99, 50, 1]                              -> [99]
    [1, 2, 3, 4, 5]                          -> [5]
    [5, 4, 3, 2, 1]                          -> [5]
    [1, 1, 2, 2, 3, 3]                       -> [3]
    [7, 7, 7]                                -> [7, 7, 7, 7, 7, 7, 7]
    [70, 80, 90]                             -> [90, 90, 90, 90, 90, 90, 90, 90, 90, 90, 90, 90, 90, 90, 90, 90, 90, 90, 90, 90, 90, 90, 90, 90, 90, 90, 90, 90, 90, 90, 90, 90, 90, 90, 90, 90, 90, 90, 90, 90, 90, 90, 90, 90, 90, 90, 90, 90, 90, 90, 90, 90, 90, 90, 90, 90, 90, 90, 90, 90, 90, 90, 90, 90, 90, 90, 90, 90, 90, 90]
    [1, 2, 3, 4, 5, 6, 7, 8, 9, 10]          -> [10]
    [10, 9, 8, 7, 6, 5, 4, 3, 2, 1]          -> [10]
    [2, 4, 6, 8, 10]                         -> [10, 10]
    [1, 3, 5, 7, 9]                          -> [9]
    [5, 1, 4, 2, 3]                          -> [5]
    [3, 94, 35, 31]                          -> [94, 94, 94]
    [17, 94, 13, 86, 94, 69]                 -> [94, 94, 94, 94, 94, 94, 94, 94, 94, 94, 94, 94, 94]
    [75, 54, 4, 3]                           -> [75, 75, 75]
    [27, 29, 64, 77]                         -> [77, 77, 77, 77, 77, 77, 77, 77, 77, 77, 77, 77, 77, 77, 77, 77, 77, 77, 77, 77, 77, 77, 77, 77, 77, 77, 77]
    [71, 25, 91]                             -> [91, 91, 91, 91, 91, 91, 91, 91, 91, 91, 91, 91, 91, 91, 91, 91, 91, 91, 91, 91, 91, 91, 91, 91, 91]
    [28, 57, 75, 35, 0, 97, 20, 89, 54]      -> []
    [35, 19, 27, 97, 43, 13, 11, 48]         -> [97, 97, 97, 97, 97, 97, 97, 97, 97, 97, 97]
    [45, 44, 77, 33]                         -> [77, 77, 77, 77, 77, 77, 77, 77, 77, 77, 77, 77, 77, 77, 77, 77, 77, 77, 77, 77, 77, 77, 77, 77, 77, 77, 77, 77, 77, 77, 77, 77, 77]
    [93, 58, 68]                             -> [93, 93, 93, 93, 93, 93, 93, 93, 93, 93, 93, 93, 93, 93, 93, 93, 93, 93, 93, 93, 93, 93, 93, 93, 93, 93, 93, 93, 93, 93, 93, 93, 93, 93, 93, 93, 93, 93, 93, 93, 93, 93, 93, 93, 93, 93, 93, 93, 93, 93, 93, 93, 93, 93, 93, 93, 93, 93]
    [48, 10, 70, 37]                         -> [70, 70, 70, 70, 70, 70, 70, 70, 70, 70]

Program 21 (original #17):
  Variability: 0.731 █████████████████████████████
  Type checks: ✓ | Compiles: ✓ | Uses input: ✓ | Size: 7 nodes
  Program: (λ (x) (singleton (nth 1 x)))
  Behavior (27 test cases):
    []                                       -> ERROR: nth: index 1 out of bounds
    [0]                                      -> ERROR: nth: index 1 out of bounds
    [5]                                      -> ERROR: nth: index 1 out of bounds
    [1, 2, 3]                                -> [2]
    [10, 20, 30]                             -> [20]
    [0, 0, 0]                                -> [0]
    [99, 50, 1]                              -> [50]
    [1, 2, 3, 4, 5]                          -> [2]
    [5, 4, 3, 2, 1]                          -> [4]
    [1, 1, 2, 2, 3, 3]                       -> [1]
    [7, 7, 7]                                -> [7]
    [70, 80, 90]                             -> [80]
    [1, 2, 3, 4, 5, 6, 7, 8, 9, 10]          -> [2]
    [10, 9, 8, 7, 6, 5, 4, 3, 2, 1]          -> [9]
    [2, 4, 6, 8, 10]                         -> [4]
    [1, 3, 5, 7, 9]                          -> [3]
    [5, 1, 4, 2, 3]                          -> [1]
    [3, 94, 35, 31]                          -> [94]
    [17, 94, 13, 86, 94, 69]                 -> [94]
    [75, 54, 4, 3]                           -> [54]
    [27, 29, 64, 77]                         -> [29]
    [71, 25, 91]                             -> [25]
    [28, 57, 75, 35, 0, 97, 20, 89, 54]      -> [57]
    [35, 19, 27, 97, 43, 13, 11, 48]         -> [19]
    [45, 44, 77, 33]                         -> [44]
    [93, 58, 68]                             -> [58]
    [48, 10, 70, 37]                         -> [10]

Program 22 (original #20):
  Variability: 0.731 █████████████████████████████
  Type checks: ✓ | Compiles: ✓ | Uses input: ✓ | Size: 6 nodes
  Program: (λ (x) (singleton (last x)))
  Behavior (27 test cases):
    []                                       -> ERROR: last: empty list
    [0]                                      -> [0]
    [5]                                      -> [5]
    [1, 2, 3]                                -> [3]
    [10, 20, 30]                             -> [30]
    [0, 0, 0]                                -> [0]
    [99, 50, 1]                              -> [1]
    [1, 2, 3, 4, 5]                          -> [5]
    [5, 4, 3, 2, 1]                          -> [1]
    [1, 1, 2, 2, 3, 3]                       -> [3]
    [7, 7, 7]                                -> [7]
    [70, 80, 90]                             -> [90]
    [1, 2, 3, 4, 5, 6, 7, 8, 9, 10]          -> [10]
    [10, 9, 8, 7, 6, 5, 4, 3, 2, 1]          -> [1]
    [2, 4, 6, 8, 10]                         -> [10]
    [1, 3, 5, 7, 9]                          -> [9]
    [5, 1, 4, 2, 3]                          -> [3]
    [3, 94, 35, 31]                          -> [31]
    [17, 94, 13, 86, 94, 69]                 -> [69]
    [75, 54, 4, 3]                           -> [3]
    [27, 29, 64, 77]                         -> [77]
    [71, 25, 91]                             -> [91]
    [28, 57, 75, 35, 0, 97, 20, 89, 54]      -> [54]
    [35, 19, 27, 97, 43, 13, 11, 48]         -> [48]
    [45, 44, 77, 33]                         -> [33]
    [93, 58, 68]                             -> [68]
    [48, 10, 70, 37]                         -> [37]

Program 23 (original #27):
  Variability: 0.731 █████████████████████████████
  Type checks: ✓ | Compiles: ✓ | Uses input: ✓ | Size: 6 nodes
  Program: (λ (x) (singleton (first x)))
  Behavior (27 test cases):
    []                                       -> ERROR: first: empty list
    [0]                                      -> [0]
    [5]                                      -> [5]
    [1, 2, 3]                                -> [1]
    [10, 20, 30]                             -> [10]
    [0, 0, 0]                                -> [0]
    [99, 50, 1]                              -> [99]
    [1, 2, 3, 4, 5]                          -> [1]
    [5, 4, 3, 2, 1]                          -> [5]
    [1, 1, 2, 2, 3, 3]                       -> [1]
    [7, 7, 7]                                -> [7]
    [70, 80, 90]                             -> [70]
    [1, 2, 3, 4, 5, 6, 7, 8, 9, 10]          -> [1]
    [10, 9, 8, 7, 6, 5, 4, 3, 2, 1]          -> [10]
    [2, 4, 6, 8, 10]                         -> [2]
    [1, 3, 5, 7, 9]                          -> [1]
    [5, 1, 4, 2, 3]                          -> [5]
    [3, 94, 35, 31]                          -> [3]
    [17, 94, 13, 86, 94, 69]                 -> [17]
    [75, 54, 4, 3]                           -> [75]
    [27, 29, 64, 77]                         -> [27]
    [71, 25, 91]                             -> [71]
    [28, 57, 75, 35, 0, 97, 20, 89, 54]      -> [28]
    [35, 19, 27, 97, 43, 13, 11, 48]         -> [35]
    [45, 44, 77, 33]                         -> [45]
    [93, 58, 68]                             -> [93]
    [48, 10, 70, 37]                         -> [48]

Program 24 (original #13):
  Variability: 0.654 ██████████████████████████
  Type checks: ✓ | Compiles: ✓ | Uses input: ✓ | Size: 9 nodes
  Program: (λ (x) (sort (λ (y) (- 0 y)) x))
  Behavior (27 test cases):
    []                                       -> []
    [0]                                      -> [0]
    [5]                                      -> [5]
    [1, 2, 3]                                -> [3, 2, 1]
    [10, 20, 30]                             -> [30, 20, 10]
    [0, 0, 0]                                -> [0, 0, 0]
    [99, 50, 1]                              -> [99, 50, 1]
    [1, 2, 3, 4, 5]                          -> [5, 4, 3, 2, 1]
    [5, 4, 3, 2, 1]                          -> [5, 4, 3, 2, 1]
    [1, 1, 2, 2, 3, 3]                       -> [3, 3, 2, 2, 1, 1]
    [7, 7, 7]                                -> [7, 7, 7]
    [70, 80, 90]                             -> [90, 80, 70]
    [1, 2, 3, 4, 5, 6, 7, 8, 9, 10]          -> [10, 9, 8, 7, 6, 5, 4, 3, 2, 1]
    [10, 9, 8, 7, 6, 5, 4, 3, 2, 1]          -> [10, 9, 8, 7, 6, 5, 4, 3, 2, 1]
    [2, 4, 6, 8, 10]                         -> [10, 8, 6, 4, 2]
    [1, 3, 5, 7, 9]                          -> [9, 7, 5, 3, 1]
    [5, 1, 4, 2, 3]                          -> [5, 4, 3, 2, 1]
    [3, 94, 35, 31]                          -> [94, 35, 31, 3]
    [17, 94, 13, 86, 94, 69]                 -> [94, 94, 86, 69, 17, 13]
    [75, 54, 4, 3]                           -> [75, 54, 4, 3]
    [27, 29, 64, 77]                         -> [77, 64, 29, 27]
    [71, 25, 91]                             -> [91, 71, 25]
    [28, 57, 75, 35, 0, 97, 20, 89, 54]      -> [97, 89, 75, 57, 54, 35, 28, 20, 0]
    [35, 19, 27, 97, 43, 13, 11, 48]         -> [97, 48, 43, 35, 27, 19, 13, 11]
    [45, 44, 77, 33]                         -> [77, 45, 44, 33]
    [93, 58, 68]                             -> [93, 68, 58]
    [48, 10, 70, 37]                         -> [70, 48, 37, 10]

Program 25 (original #23):
  Variability: 0.654 ██████████████████████████
  Type checks: ✓ | Compiles: ✓ | Uses input: ✓ | Size: 15 nodes
  Program: (λ (x) (if (== (length x) 0) (take 2 x) (unique x)))
  Behavior (27 test cases):
    []                                       -> []
    [0]                                      -> [0]
    [5]                                      -> [5]
    [1, 2, 3]                                -> [1, 2, 3]
    [10, 20, 30]                             -> [10, 20, 30]
    [0, 0, 0]                                -> [0]
    [99, 50, 1]                              -> [1, 50, 99]
    [1, 2, 3, 4, 5]                          -> [1, 2, 3, 4, 5]
    [5, 4, 3, 2, 1]                          -> [1, 2, 3, 4, 5]
    [1, 1, 2, 2, 3, 3]                       -> [1, 2, 3]
    [7, 7, 7]                                -> [7]
    [70, 80, 90]                             -> [80, 90, 70]
    [1, 2, 3, 4, 5, 6, 7, 8, 9, 10]          -> [1, 2, 3, 4, 5, 6, 7, 8, 9, 10]
    [10, 9, 8, 7, 6, 5, 4, 3, 2, 1]          -> [1, 2, 3, 4, 5, 6, 7, 8, 9, 10]
    [2, 4, 6, 8, 10]                         -> [2, 4, 6, 8, 10]
    [1, 3, 5, 7, 9]                          -> [1, 3, 5, 7, 9]
    [5, 1, 4, 2, 3]                          -> [1, 2, 3, 4, 5]
    [3, 94, 35, 31]                          -> [35, 3, 94, 31]
    [17, 94, 13, 86, 94, 69]                 -> [69, 13, 17, 86, 94]
    [75, 54, 4, 3]                           -> [3, 75, 4, 54]
    [27, 29, 64, 77]                         -> [64, 27, 77, 29]
    [71, 25, 91]                             -> [25, 91, 71]
    [28, 57, 75, 35, 0, 97, 20, 89, 54]      -> [0, 97, 89, 35, 75, 20, 54, 57, 28]
    [35, 19, 27, 97, 43, 13, 11, 48]         -> [97, 35, 43, 11, 13, 48, 19, 27]
    [45, 44, 77, 33]                         -> [33, 77, 44, 45]
    [93, 58, 68]                             -> [58, 68, 93]
    [48, 10, 70, 37]                         -> [48, 10, 37, 70]

Program 26 (original #4):
  Variability: 0.577 ███████████████████████
  Type checks: ✓ | Compiles: ✓ | Uses input: ✓ | Size: 24 nodes
  Program: (λ (x) (fold (λ (y z) (if (> z (last y)) (append y z) y)) (take 1 x) (drop 1 x)))
  Behavior (27 test cases):
    []                                       -> []
    [0]                                      -> [0]
    [5]                                      -> [5]
    [1, 2, 3]                                -> [1, 2, 3]
    [10, 20, 30]                             -> [10, 20, 30]
    [0, 0, 0]                                -> [0]
    [99, 50, 1]                              -> [99]
    [1, 2, 3, 4, 5]                          -> [1, 2, 3, 4, 5]
    [5, 4, 3, 2, 1]                          -> [5]
    [1, 1, 2, 2, 3, 3]                       -> [1, 2, 3]
    [7, 7, 7]                                -> [7]
    [70, 80, 90]                             -> [70, 80, 90]
    [1, 2, 3, 4, 5, 6, 7, 8, 9, 10]          -> [1, 2, 3, 4, 5, 6, 7, 8, 9, 10]
    [10, 9, 8, 7, 6, 5, 4, 3, 2, 1]          -> [10]
    [2, 4, 6, 8, 10]                         -> [2, 4, 6, 8, 10]
    [1, 3, 5, 7, 9]                          -> [1, 3, 5, 7, 9]
    [5, 1, 4, 2, 3]                          -> [5]
    [3, 94, 35, 31]                          -> [3, 94]
    [17, 94, 13, 86, 94, 69]                 -> [17, 94]
    [75, 54, 4, 3]                           -> [75]
    [27, 29, 64, 77]                         -> [27, 29, 64, 77]
    [71, 25, 91]                             -> [71, 91]
    [28, 57, 75, 35, 0, 97, 20, 89, 54]      -> [28, 57, 75, 97]
    [35, 19, 27, 97, 43, 13, 11, 48]         -> [35, 97]
    [45, 44, 77, 33]                         -> [45, 77]
    [93, 58, 68]                             -> [93]
    [48, 10, 70, 37]                         -> [48, 70]

Program 27 (original #5):
  Variability: 0.538 █████████████████████
  Type checks: ✓ | Compiles: ✓ | Uses input: ✓ | Size: 6 nodes
  Program: (λ (x) (singleton (min x)))
  Behavior (27 test cases):
    []                                       -> ERROR: min: empty list
    [0]                                      -> [0]
    [5]                                      -> [5]
    [1, 2, 3]                                -> [1]
    [10, 20, 30]                             -> [10]
    [0, 0, 0]                                -> [0]
    [99, 50, 1]                              -> [1]
    [1, 2, 3, 4, 5]                          -> [1]
    [5, 4, 3, 2, 1]                          -> [1]
    [1, 1, 2, 2, 3, 3]                       -> [1]
    [7, 7, 7]                                -> [7]
    [70, 80, 90]                             -> [70]
    [1, 2, 3, 4, 5, 6, 7, 8, 9, 10]          -> [1]
    [10, 9, 8, 7, 6, 5, 4, 3, 2, 1]          -> [1]
    [2, 4, 6, 8, 10]                         -> [2]
    [1, 3, 5, 7, 9]                          -> [1]
    [5, 1, 4, 2, 3]                          -> [1]
    [3, 94, 35, 31]                          -> [3]
    [17, 94, 13, 86, 94, 69]                 -> [13]
    [75, 54, 4, 3]                           -> [3]
    [27, 29, 64, 77]                         -> [27]
    [71, 25, 91]                             -> [25]
    [28, 57, 75, 35, 0, 97, 20, 89, 54]      -> [0]
    [35, 19, 27, 97, 43, 13, 11, 48]         -> [11]
    [45, 44, 77, 33]                         -> [33]
    [93, 58, 68]                             -> [58]
    [48, 10, 70, 37]                         -> [10]

Program 28 (original #28):
  Variability: 0.538 █████████████████████
  Type checks: ✓ | Compiles: ✓ | Uses input: ✓ | Size: 6 nodes
  Program: (λ (x) (singleton (min x)))
  Behavior (27 test cases):
    []                                       -> ERROR: min: empty list
    [0]                                      -> [0]
    [5]                                      -> [5]
    [1, 2, 3]                                -> [1]
    [10, 20, 30]                             -> [10]
    [0, 0, 0]                                -> [0]
    [99, 50, 1]                              -> [1]
    [1, 2, 3, 4, 5]                          -> [1]
    [5, 4, 3, 2, 1]                          -> [1]
    [1, 1, 2, 2, 3, 3]                       -> [1]
    [7, 7, 7]                                -> [7]
    [70, 80, 90]                             -> [70]
    [1, 2, 3, 4, 5, 6, 7, 8, 9, 10]          -> [1]
    [10, 9, 8, 7, 6, 5, 4, 3, 2, 1]          -> [1]
    [2, 4, 6, 8, 10]                         -> [2]
    [1, 3, 5, 7, 9]                          -> [1]
    [5, 1, 4, 2, 3]                          -> [1]
    [3, 94, 35, 31]                          -> [3]
    [17, 94, 13, 86, 94, 69]                 -> [13]
    [75, 54, 4, 3]                           -> [3]
    [27, 29, 64, 77]                         -> [27]
    [71, 25, 91]                             -> [25]
    [28, 57, 75, 35, 0, 97, 20, 89, 54]      -> [0]
    [35, 19, 27, 97, 43, 13, 11, 48]         -> [11]
    [45, 44, 77, 33]                         -> [33]
    [93, 58, 68]                             -> [58]
    [48, 10, 70, 37]                         -> [10]

Program 29 (original #26):
  Variability: 0.385 ███████████████
  Type checks: ✓ | Compiles: ✓ | Uses input: ✓ | Size: 13 nodes
  Program: (λ (x) (map (λ (y) (count (λ (z) (== y z)) x)) x))
  Behavior (27 test cases):
    []                                       -> []
    [0]                                      -> [1]
    [5]                                      -> [1]
    [1, 2, 3]                                -> [1, 1, 1]
    [10, 20, 30]                             -> [1, 1, 1]
    [0, 0, 0]                                -> [3, 3, 3]
    [99, 50, 1]                              -> [1, 1, 1]
    [1, 2, 3, 4, 5]                          -> [1, 1, 1, 1, 1]
    [5, 4, 3, 2, 1]                          -> [1, 1, 1, 1, 1]
    [1, 1, 2, 2, 3, 3]                       -> [2, 2, 2, 2, 2, 2]
    [7, 7, 7]                                -> [3, 3, 3]
    [70, 80, 90]                             -> [1, 1, 1]
    [1, 2, 3, 4, 5, 6, 7, 8, 9, 10]          -> [1, 1, 1, 1, 1, 1, 1, 1, 1, 1]
    [10, 9, 8, 7, 6, 5, 4, 3, 2, 1]          -> [1, 1, 1, 1, 1, 1, 1, 1, 1, 1]
    [2, 4, 6, 8, 10]                         -> [1, 1, 1, 1, 1]
    [1, 3, 5, 7, 9]                          -> [1, 1, 1, 1, 1]
    [5, 1, 4, 2, 3]                          -> [1, 1, 1, 1, 1]
    [3, 94, 35, 31]                          -> [1, 1, 1, 1]
    [17, 94, 13, 86, 94, 69]                 -> [1, 2, 1, 1, 2, 1]
    [75, 54, 4, 3]                           -> [1, 1, 1, 1]
    [27, 29, 64, 77]                         -> [1, 1, 1, 1]
    [71, 25, 91]                             -> [1, 1, 1]
    [28, 57, 75, 35, 0, 97, 20, 89, 54]      -> [1, 1, 1, 1, 1, 1, 1, 1, 1]
    [35, 19, 27, 97, 43, 13, 11, 48]         -> [1, 1, 1, 1, 1, 1, 1, 1]
    [45, 44, 77, 33]                         -> [1, 1, 1, 1]
    [93, 58, 68]                             -> [1, 1, 1]
    [48, 10, 70, 37]                         -> [1, 1, 1, 1]

Program 30 (original #8):
  Variability: 0.115 ████
  Type checks: ✓ | Compiles: ✓ | Uses input: ✓ | Size: 22 nodes
  Program: (λ (x) (map (λ (a) (if (== a 24) 1 0)) (filter (λ (y) (== (% y 10) 1)) x)))
  Behavior (27 test cases):
    []                                       -> []
    [0]                                      -> []
    [5]                                      -> []
    [1, 2, 3]                                -> [0]
    [10, 20, 30]                             -> []
    [0, 0, 0]                                -> []
    [99, 50, 1]                              -> [0]
    [1, 2, 3, 4, 5]                          -> [0]
    [5, 4, 3, 2, 1]                          -> [0]
    [1, 1, 2, 2, 3, 3]                       -> [0, 0]
    [7, 7, 7]                                -> []
    [70, 80, 90]                             -> []
    [1, 2, 3, 4, 5, 6, 7, 8, 9, 10]          -> [0]
    [10, 9, 8, 7, 6, 5, 4, 3, 2, 1]          -> [0]
    [2, 4, 6, 8, 10]                         -> []
    [1, 3, 5, 7, 9]                          -> [0]
    [5, 1, 4, 2, 3]                          -> [0]
    [3, 94, 35, 31]                          -> [0]
    [17, 94, 13, 86, 94, 69]                 -> []
    [75, 54, 4, 3]                           -> []
    [27, 29, 64, 77]                         -> []
    [71, 25, 91]                             -> [0, 0]
    [28, 57, 75, 35, 0, 97, 20, 89, 54]      -> []
    [35, 19, 27, 97, 43, 13, 11, 48]         -> [0]
    [45, 44, 77, 33]                         -> []
    [93, 58, 68]                             -> []
    [48, 10, 70, 37]                         -> []

======================================================================
Summary:
  Total programs: 30
  Avg variability: 0.803
  Min variability: 0.115
  Max variability: 1.000
  High variability (>0.5): 28/30
======================================================================
